1-slice: [9]

0.892      0.88833333 0.815      0.893      0.9        1.
 0.99966667 1.         0.976      1.         1.         0.99966667
 0.998      0.999      1.         0.98633333 0.996      0.999
 0.94466667 1.         1.         1.         1.         1.
 1.         1.         0.99833333 0.94933333 0.917      0.93633333
 1.        

2-slices: [2 3]

[[1.]
 [1.]]

[0.9        0.912      0.90133333 0.89966667 0.902      0.90133333
 1.         1.         1.         1.         0.99966667 1.
 1.         1.         1.         1.         1.         1.
 1.         1.         1.         1.         1.         1.
 1.         1.         1.         1.         1.         1.
 1.        ]



3-slices: [4 0 8]

[[0.9933]
 [0.9933]
 [0.9998]]

 [0.9        0.903      0.90066667 0.9        0.9        0.95666667
 1.         1.         1.         1.         1.         1.
 1.         1.         1.         1.         1.         1.
 1.         1.         1.         1.         1.         1.
 1.         1.         1.         1.         1.         1.
 1.        ]



4-slices: [8 6 1 0]

[[0.9998]
 [0.9993]
 [0.9986]
 [0.9933]]

[0.9        0.90066667 0.9        0.9        0.9        1.
 1.         1.         1.         1.         1.         1.
 1.         1.         1.         1.         1.         1.
 1.         1.         1.         1.         1.         1.
 1.         1.         1.         1.         1.         1.
 1.        ]



5-slices: [2 1 3 7 6]

[[1.    ]
 [0.9986]
 [1.    ]
 [1.    ]
 [0.9993]]

[0.9        0.91066667 0.90033333 0.9        0.9        0.99933333
 1.         1.         1.         1.         1.         1.
 1.         1.         1.         1.         1.         1.
 1.         1.         1.         1.         1.         1.
 1.         1.         1.         1.         1.         1.
 1.        ]


6-slices: [4 3 2 1 0 5]

[[0.9933]
 [1.    ]
 [1.    ]
 [0.9986]
 [0.9933]
 [1.    ]]

[0.9        0.90233333 0.9        0.9        0.9        0.9
 1.         1.         1.         1.         1.         1.
 1.         1.         1.         1.         1.         1.
 1.         1.         1.         1.         1.         1.
 1.         1.         1.         1.         1.         1.
 1.        ]



7-slices: [2 0 7 4 1 6 3]

[[1.    ]
 [0.9933]
 [1.    ]
 [0.9933]
 [0.9986]
 [0.9993]
 [1.    ]]

 [0.9        0.90333333 0.9        0.9        0.9        0.943
 1.         1.         1.         1.         1.         1.
 1.         1.         1.         1.         1.         1.
 1.         1.         1.         1.         1.         1.
 1.         1.         1.         1.         1.         1.
 1.        ]


 8-slices: [3 1 6 7 5 8 9 2]

[[1.    ]
 [0.9986]
 [0.9993]
 [1.    ]
 [1.    ]
 [0.9998]
 [1.    ]
 [1.    ]]

 [0.9   0.902 0.9   0.9   0.9   1.    1.    1.    1.    1.    1.    1.
 1.    1.    1.    1.    1.    1.    1.    1.    1.    1.    1.    1.
 1.    1.    1.    1.    1.    1.    1.   ]



9-slices: [8 0 9 6 4 3 2 7 1]


[0.9 0.9 0.9 0.9 0.9 1.  1.  1.  1.  1.  1.  1.  1.  1.  1.  1.  1.  1.
 1.  1.  1.  1.  1.  1.  1.  1.  1.  1.  1.  1.  1. ]













