4.291647245913132735e-11,2.735019094102892571e-17,7.788167444289229024e-09,5.366986802896045461e-12,2.038069267794621539e-16,1.163014183656191358e-13,9.639548892437233008e-08,9.982598423957824707e-01,1.739979255944490433e-03,7.485298425535802380e-08
5.531513788681330368e-11,2.961531255194208478e-17,7.509540544958781538e-09,5.202989081243281078e-12,2.570777552745711616e-16,1.531346257481816520e-13,1.143831056538147095e-07,9.977849721908569336e-01,2.214840613305568695e-03,9.406493006736127427e-08
4.705806577742777108e-11,1.606782788888740262e-17,7.422749970231734551e-09,3.769216275900655333e-12,1.242322577309792984e-16,6.755019314090907057e-14,6.914546446523672785e-08,9.972338080406188965e-01,2.766024554148316383e-03,6.412681585743484902e-08
5.435408373388739278e-11,3.211799712605802320e-17,6.924896656101964254e-09,4.687865113456313182e-12,2.719339720155827421e-16,1.904751584323044478e-13,1.118632582119971630e-07,9.983081817626953125e-01,1.691593439318239689e-03,9.174142689971631626e-08
5.646094008993074453e-11,2.862531301633656935e-17,7.799951795561810286e-09,4.970308886687035965e-12,2.392584319956068267e-16,1.356723842429671811e-13,8.732271083999876282e-08,9.974161386489868164e-01,2.583563327789306641e-03,1.119399470894677506e-07
4.340430098670466919e-11,2.031602071980661450e-17,7.560682746543534449e-09,4.472941114719297673e-12,1.575564661698743976e-16,8.748268087591451470e-14,7.317007089113758411e-08,9.976582527160644531e-01,2.341489307582378387e-03,7.296547721580282087e-08
4.081036203418264563e-11,2.364051584993888633e-17,8.813811902541601739e-09,4.529647924106372514e-12,1.738103534483045778e-16,1.032173207581726926e-13,1.073836273235428962e-07,9.986578226089477539e-01,1.341937226243317127e-03,5.844095340989952092e-08
4.670757877689446502e-11,1.435975451788582897e-17,5.768370225922581085e-09,3.932907818859909810e-12,1.178069834304633964e-16,6.711348328209548741e-14,6.522661522012640489e-08,9.971796274185180664e-01,2.820208203047513962e-03,6.920278394773049513e-08
6.074537400868607051e-11,2.484708285043936015e-17,5.650338419371792043e-09,4.730220989207500892e-12,2.389084220999335888e-16,1.510784769856443610e-13,6.533566221378350747e-08,9.959266185760498047e-01,4.073137417435646057e-03,1.468053199005225906e-07
6.487396037035964014e-11,2.328203727915433051e-17,6.801229801567387767e-09,4.938635004420044439e-12,1.919605225025105221e-16,9.938966696095702380e-14,7.905702403832037817e-08,9.957988858222961426e-01,4.200899973511695862e-03,1.250731997970433440e-07
3.335906550994138797e-11,1.427419426404579400e-17,8.578433075001612451e-09,3.595803993103330320e-12,9.595427454513129513e-17,5.141343283727138613e-14,7.232247156707671820e-08,9.982886910438537598e-01,1.711083808913826942e-03,3.931811676238794462e-08
4.101295691949502498e-11,1.653204164865216175e-17,8.007029705936474784e-09,3.877741877600371367e-12,1.162146011942947143e-16,5.514626637823961952e-14,6.510815353522048099e-08,9.972003698348999023e-01,2.799469977617263794e-03,6.080797021468242747e-08
4.438897166503252834e-11,1.889519574268143034e-17,7.844417559965677356e-09,3.760779448275242132e-12,1.398922293295964047e-16,8.361138116499272632e-14,9.113774268598717754e-08,9.983170032501220703e-01,1.682890346273779869e-03,5.198480579338138341e-08
4.214471133190400565e-11,1.931353241131277345e-17,6.182960810008353292e-09,4.069273997625577621e-12,1.650129236743336052e-16,1.009213532513451861e-13,6.865686685841865255e-08,9.978353381156921387e-01,2.164534758776426315e-03,7.769980214789029560e-08
4.379167167778419412e-11,2.134774655423175485e-17,7.972345450468765193e-09,4.487342355335988131e-12,1.573958740170309026e-16,8.780152440605176745e-14,8.198979628559754929e-08,9.979044198989868164e-01,2.095454838126897812e-03,7.073585805983384489e-08
4.324810648492771747e-11,1.761158183120531732e-17,6.857226786394221563e-09,4.425443084904445712e-12,1.511597262917691248e-16,8.605281472204989734e-14,7.234491761209937977e-08,9.971900582313537598e-01,2.809733152389526367e-03,8.365132941889896756e-08
4.792891084015593606e-11,2.505478128480652497e-17,8.326918710110930988e-09,4.786603405304568071e-12,1.870935108922567149e-16,9.199857943596040366e-14,9.542840473386604572e-08,9.979695677757263184e-01,2.030185423791408539e-03,6.773343841359746875e-08
4.728560945577164887e-11,1.589814998419562515e-17,6.471052582668335162e-09,3.791785462003982587e-12,1.317274802276651910e-16,6.893692160083592091e-14,6.588724943412671564e-08,9.972338080406188965e-01,2.766037592664361000e-03,6.983813705119246151e-08
4.336082881639669040e-11,1.755958360353900889e-17,7.671615342985660391e-09,4.008291962231957939e-12,1.280157156783478427e-16,6.772470225683419054e-14,7.626741194144415203e-08,9.978364109992980957e-01,2.163418801501393318e-03,5.726488083723779710e-08
3.529102704513675803e-11,2.196233678627497910e-17,7.749863861761241424e-09,4.154531319661147748e-12,1.418136441611039800e-16,1.028790835616751054e-13,1.017343578268992133e-07,9.991171956062316895e-01,8.826865814626216888e-04,4.125457309100966086e-08
3.569148795956600395e-11,1.726771623312212329e-17,8.936297923867186910e-09,3.701639689213109818e-12,1.168210106100797891e-16,6.490009809949348618e-14,7.886559671987924958e-08,9.982405900955200195e-01,1.759233768098056316e-03,4.600241965135865030e-08
3.887880295483370219e-11,1.838528025407311643e-17,7.245106736775142053e-09,4.195579647592317940e-12,1.405863198903121005e-16,7.986092256245802545e-14,7.753309461122626089e-08,9.979493021965026855e-01,2.050545997917652130e-03,6.018323261969271698e-08
3.786626567858775161e-11,1.592852736501102254e-17,7.304463700563701423e-09,4.099138129626256344e-12,1.162679113304125318e-16,6.718077157942536903e-14,7.674577062743992428e-08,9.980650544166564941e-01,1.934837317094206810e-03,5.096889665878734377e-08
3.964307354609175604e-11,1.746810735395799467e-17,8.010404783931335260e-09,4.153533419981592090e-12,1.129027288403100016e-16,6.062398440241992259e-14,6.744114955381519394e-08,9.979308843612670898e-01,2.068886067718267441e-03,5.393208724058240477e-08
3.278029583886343801e-11,1.798867031141109115e-17,7.285212433316701208e-09,3.688496990478240534e-12,1.186604882388303116e-16,6.599524393765751618e-14,6.672461694279263611e-08,9.984599351882934570e-01,1.539892167784273624e-03,4.706004119725548662e-08
3.566567527424346906e-11,1.910274693889956073e-17,8.191586076122803206e-09,4.088190289769366714e-12,1.328423741095988630e-16,5.501885907044541668e-14,7.095074039398241439e-08,9.980610013008117676e-01,1.938832108862698078e-03,4.737276526611822192e-08
4.393159447335648338e-11,1.937824605935524702e-17,8.744219570644418127e-09,4.115316594444085041e-12,1.251197232665751907e-16,7.672301785858690049e-14,8.825067965290145366e-08,9.982233643531799316e-01,1.776518183760344982e-03,5.165417960029117239e-08
3.548009455678347024e-11,1.617071757656042352e-17,7.645961197511041973e-09,3.755864542986930843e-12,1.173720981864973174e-16,5.902524020766353186e-14,5.921159029753653158e-08,9.978893399238586426e-01,2.110532950609922409e-03,5.337234298963267065e-08
5.119128038133524683e-11,2.499199662195252506e-17,6.928750018175833247e-09,4.943339140806024545e-12,2.491576266408290297e-16,1.290377987838223217e-13,8.789876915216154885e-08,9.973502159118652344e-01,2.649530768394470215e-03,9.832260872144615860e-08
5.457701998667907617e-11,3.134491412556596353e-17,8.256681560681045084e-09,5.217417210073849176e-12,2.309934815429933895e-16,1.720510669697694617e-13,1.324955150039386353e-07,9.982244372367858887e-01,1.775363343767821789e-03,7.786588440694686142e-08
3.815866719825145026e-11,1.224288766097993649e-17,5.291429072684650237e-09,3.127257567486774192e-12,1.139714461917285134e-16,4.587372216574743533e-14,4.048053270366835932e-08,9.965679645538330078e-01,3.431912045925855637e-03,6.346158443193417042e-08
4.428473907025498590e-11,1.721659647126634618e-17,6.807908459194322859e-09,3.952641599441752973e-12,1.427551742215363382e-16,7.223832399231785995e-14,6.649192130225856090e-08,9.973148703575134277e-01,2.684960840269923210e-03,7.787510014622966992e-08
5.059218322056580064e-11,2.462490875535251734e-17,7.029062221164394941e-09,4.997576571325046402e-12,1.863024482939702026e-16,1.068934979593649803e-13,8.737525547530822223e-08,9.976166486740112305e-01,2.383119659498333931e-03,8.550910024496261030e-08
2.253674677432648821e-11,6.210052244887261121e-18,5.026276728159473350e-09,2.102739206713555298e-12,4.892006361387199530e-17,1.643658963817497265e-14,3.598971076712587092e-08,9.981467723846435547e-01,1.853234018199145794e-03,2.439867152759234159e-08
5.444952475008868475e-11,1.725735496876928406e-17,6.433618970902443834e-09,4.751625308496709721e-12,1.534509504140920072e-16,7.709918857859432428e-14,6.147043762894099928e-08,9.960748553276062012e-01,3.924876451492309570e-03,1.032870002859453962e-07
4.490937829948471460e-11,1.646977480086162004e-17,7.007614488685476317e-09,4.030172896796191395e-12,1.353532841677260287e-16,6.676003337386521297e-14,6.297327814763775677e-08,9.969524145126342773e-01,3.047378035262227058e-03,7.109193944643266150e-08
4.165019718005424920e-11,1.396947746999350966e-17,5.748132636540503881e-09,3.546595742781599725e-12,1.197264130285008443e-16,5.332144570172926701e-14,4.464169478524127044e-08,9.960759282112121582e-01,3.923940937966108322e-03,7.826049852610594826e-08
3.741773210719223641e-11,1.804517336469336336e-17,7.786493227968094288e-09,4.232612958038339812e-12,1.323637740246205816e-16,7.871829544540270840e-14,8.277529417455298244e-08,9.982813596725463867e-01,1.718544750474393368e-03,5.147669668303933577e-08
5.060233829179416887e-11,1.697218776131407798e-17,7.335564600197130858e-09,4.197463557287228753e-12,1.382791212559995940e-16,6.789785612004370363e-14,6.205912228551824228e-08,9.958356618881225586e-01,4.164155106991529465e-03,9.317722771129410830e-08
5.271964115260985295e-11,1.831179021973145524e-17,6.640956673464870619e-09,4.334471583739007983e-12,1.518547565296606808e-16,8.826759581494897366e-14,7.469524376801928156e-08,9.970514774322509766e-01,2.948357956483960152e-03,8.294688313981168903e-08
3.787620911355205067e-11,2.214258109611150894e-17,8.293265629788493243e-09,4.379432580470243863e-12,1.522690218153170379e-16,9.601413224593138840e-14,1.103701592342076765e-07,9.990699887275695801e-01,9.298214572481811047e-04,4.211177540014432452e-08
2.801899857962641960e-11,1.041183238522642890e-17,7.398084811427452223e-09,3.017377797273623763e-12,6.583844823942317415e-17,2.902550162026118485e-14,5.005606240615634306e-08,9.984098672866821289e-01,1.590091502293944359e-03,2.746630833883045852e-08
4.886121021674405540e-11,2.221477411125268698e-17,6.367424809639032901e-09,4.502643050074972564e-12,1.876712138320637494e-16,1.030043224651243372e-13,6.722279266568875755e-08,9.969353675842285156e-01,3.064374439418315887e-03,8.501713466557703214e-08
4.235633718763232025e-11,2.174255986060331496e-17,7.841486571180666942e-09,4.246616946979031582e-12,1.573952255074306610e-16,7.631192227609828738e-14,8.215115343546131044e-08,9.981400966644287109e-01,1.859760028310120106e-03,5.937146951850991172e-08
4.481715693005483558e-11,1.920282917557357665e-17,7.070154683930240935e-09,4.482551049095340190e-12,1.451193887611108998e-16,8.048271928464204028e-14,8.522564343138583354e-08,9.978699684143066406e-01,2.129787113517522812e-03,6.886870806965816882e-08
7.094064224943963382e-11,2.059823158375255605e-17,6.787323147960933056e-09,4.824497138594674439e-12,1.898272303201811641e-16,9.307845157601954411e-14,7.770970000819943380e-08,9.959562420845031738e-01,4.043484106659889221e-03,1.180343289775009907e-07
4.194271319146736232e-11,1.182677114511268570e-17,5.585904183647016907e-09,3.878162114362426749e-12,9.941305417590542547e-17,4.748257654576225339e-14,4.394333075197209837e-08,9.961467981338500977e-01,3.853111527860164642e-03,8.212545310470886761e-08
6.557528131612144762e-11,2.753944159337493291e-17,6.672817853825563361e-09,5.639822810155070698e-12,2.279237282630253983e-16,1.256674885680153508e-13,9.384697818859422114e-08,9.970064759254455566e-01,2.993336413055658340e-03,1.138750960194556683e-07
3.361031938875491676e-11,2.091675733095080063e-17,9.304041981295085861e-09,4.216560260672519433e-12,1.333644772773525332e-16,6.754031334861229641e-14,8.519621275127065019e-08,9.985952973365783691e-01,1.404470065608620644e-03,4.545158915902902663e-08
4.525510868824689226e-11,2.443894201003834565e-17,9.934912448272825714e-09,4.872305683911726248e-12,1.473766918608742076e-16,7.469068766252640046e-14,1.166412531006244535e-07,9.985409975051879883e-01,1.458797603845596313e-03,4.619117177639964211e-08
5.871137603863374466e-11,3.025786976049572689e-17,5.665220736972287341e-09,5.609707143250375339e-12,2.840221380245264724e-16,1.888641695292625489e-13,7.370785226612497354e-08,9.966089725494384766e-01,3.390816971659660339e-03,1.578367090360188740e-07
4.460546515483443386e-11,3.146672143384807217e-17,9.757374463958967681e-09,5.331449691448053585e-12,2.240084772830200051e-16,1.427258241063975031e-13,1.392363913055305602e-07,9.985852241516113281e-01,1.414646743796765804e-03,6.256418316752387909e-08
4.412917253837633780e-11,1.706910024188079071e-17,6.383531481191084822e-09,3.804562567766289760e-12,1.306464544287318902e-16,5.859071908198565382e-14,6.494050097671788535e-08,9.972483515739440918e-01,2.751484047621488571e-03,7.281027336603074218e-08
4.515020649020762278e-11,2.208713683401330460e-17,6.515005424034825410e-09,5.021787239517516710e-12,1.690504782709886388e-16,9.148873336434909520e-14,7.135086121934364201e-08,9.974964261054992676e-01,2.503307769075036049e-03,9.987360272134537809e-08
4.716020976514023744e-11,2.205967609203776918e-17,6.904562699361349587e-09,4.425998630097627284e-12,1.678231672350865601e-16,8.878303230401216051e-14,7.039069060965630342e-08,9.972143769264221191e-01,2.785439835861325264e-03,8.555307573487880290e-08
5.442566536340009975e-11,1.110734900531816605e-17,5.083593102028771682e-09,3.582757354680943251e-12,1.048294857664618541e-16,3.478469885720945898e-14,2.978408097931151133e-08,9.896441698074340820e-01,1.035566627979278564e-02,1.219586494016766665e-07
3.942112608568137944e-11,1.890279091506589224e-17,8.206272106292544777e-09,4.005625258568512592e-12,1.343608791908992091e-16,7.735615804600054490e-14,8.272185425539646531e-08,9.983754158020019531e-01,1.624375116080045700e-03,4.794874897129375313e-08
5.004032951894110681e-11,2.582144040066149782e-17,7.611583363598128926e-09,4.975032972392989805e-12,1.961412389021413333e-16,1.190643720769268832e-13,8.274648166661791038e-08,9.974067807197570801e-01,2.593022771179676056e-03,9.076472906599519774e-08
5.371379036001044938e-11,2.351283059622397587e-17,6.655166195912443072e-09,5.033953722616280047e-12,2.096627434765169500e-16,1.470506252572792438e-13,8.379948468473230605e-08,9.972884654998779297e-01,2.711377572268247604e-03,1.060365804050888983e-07
3.690681441015364328e-11,2.014612774815557325e-17,9.428108072029317555e-09,4.244617244492099317e-12,1.276454961059487092e-16,7.603732774712559928e-14,1.070039843398262747e-07,9.987952709197998047e-01,1.204574131406843662e-03,4.196302683112662635e-08
4.467758801807164559e-11,1.840271887574695936e-17,7.076977670550377297e-09,3.978664619985750051e-12,1.383119967222649015e-16,8.498281559802395302e-14,7.566572435280249920e-08,9.978446960449218750e-01,2.155073918402194977e-03,6.040000499751840835e-08
3.090830716367953812e-11,1.394511534659259789e-17,7.156516712569782612e-09,3.253278505963019818e-12,1.007157445266682364e-16,5.710948885019953569e-14,5.305174965997139225e-08,9.981010556221008301e-01,1.898836693726480007e-03,4.567575473402030184e-08
3.851991642322971643e-11,1.728408944616699792e-17,6.011342978951006444e-09,4.245544887870877915e-12,1.277998546256960046e-16,7.275996076255494827e-14,6.118310835745432996e-08,9.977092742919921875e-01,2.290568081662058830e-03,6.915679051644474384e-08
4.444273074555304959e-11,1.355701709243374326e-17,5.972301320156248039e-09,3.732306998183165803e-12,1.131069431899370931e-16,5.659226681568353678e-14,5.348731590970601246e-08,9.965069890022277832e-01,3.492838004603981972e-03,7.466484674978346447e-08
4.160867483893326835e-11,2.026512429671622670e-17,6.770877192252555687e-09,3.890651689708590766e-12,1.562233024853451331e-16,1.001072868263980231e-13,8.935363382533978438e-08,9.986994266510009766e-01,1.300415256991982460e-03,5.424908522400073707e-08
3.653852567730986323e-11,2.258079987794617662e-17,8.556060748787785997e-09,4.313309692055566913e-12,1.503896409938169573e-16,1.039255419460309582e-13,1.219045060452117468e-07,9.992314577102661133e-01,7.684016018174588680e-04,3.821191896236086905e-08
4.197960035146053315e-11,2.051961799269674141e-17,7.262900503235414362e-09,5.224911215490068983e-12,1.718584719004754495e-16,8.138464674314199732e-14,8.676756380054939655e-08,9.976277947425842285e-01,2.371977083384990692e-03,8.226230363561626291e-08
3.468969209108330176e-11,1.629003176247629733e-17,5.836145788862268091e-09,3.477579552449427958e-12,1.182232471844796816e-16,6.476329889038012766e-14,5.740223585348758206e-08,9.979544878005981445e-01,2.045291243121027946e-03,6.003667607501483872e-08
3.702402967542539614e-11,2.722027395402134718e-17,9.297628444926431257e-09,4.476659060809184965e-12,1.733186243526438548e-16,1.077221197984777612e-13,1.069687769472693617e-07,9.989371895790100098e-01,1.062601222656667233e-03,5.335659025718086923e-08
4.013318150031253140e-11,1.547405779286213808e-17,7.348742503410221616e-09,3.651545645716458566e-12,1.080535975661771407e-16,6.087543799127362321e-14,7.290807246818076237e-08,9.980338215827941895e-01,1.965972362086176872e-03,4.567590394799481146e-08
3.967951661687507681e-11,2.476404384310638680e-17,1.154878059850261707e-08,4.651531330251978957e-12,1.388808984603543718e-16,9.261328818644179450e-14,1.263500308823495288e-07,9.989874958992004395e-01,1.012338907457888126e-03,3.805728354677739844e-08
4.442709394814059465e-11,1.824966233828382244e-17,7.272745516928580400e-09,4.603420943050107184e-12,1.361238326868212259e-16,8.713566164181979490e-14,8.958953401361213764e-08,9.983267188072204590e-01,1.673144986853003502e-03,5.477312825519220496e-08
4.351918825307166117e-11,1.499947615129963930e-17,7.533791368530273758e-09,3.481237650579394050e-12,1.148673555870173470e-16,5.286232335113133507e-14,7.586947958770906553e-08,9.979739785194396973e-01,2.025817753747105598e-03,5.381511058999421948e-08
5.753686763143583960e-11,1.998067673639394176e-17,7.234829624280791904e-09,4.797426345071187370e-12,1.596850467314346535e-16,8.514696380693825839e-14,6.076697189882906969e-08,9.953426122665405273e-01,4.657221958041191101e-03,1.138776610787317622e-07
3.510451651589363564e-11,1.196816360875821238e-17,5.244518153091348722e-09,3.224683107344583632e-12,9.997415394645729563e-17,6.035374701092791061e-14,5.206467434959449747e-08,9.978179931640625000e-01,2.181904157623648643e-03,5.220518062287737848e-08
4.269527439926257273e-11,1.637717358564753369e-17,5.987244477978492796e-09,3.992095282817631485e-12,1.320700918199397547e-16,6.537678791341747231e-14,5.361715693652513437e-08,9.967734217643737793e-01,3.226388711482286453e-03,7.636627685769781237e-08
4.108800799595968556e-11,2.096467424947477242e-17,8.742601309563724499e-09,4.543213461688511146e-12,1.481794805715242716e-16,7.084723839491033348e-14,8.466918899330266868e-08,9.980005621910095215e-01,1.999195665121078491e-03,5.508404754550610960e-08
5.229808600071272906e-11,2.216905583879688114e-17,6.919542716588011899e-09,4.700476119445795575e-12,1.686154209734551488e-16,1.084122619151098310e-13,7.478204366861973540e-08,9.972243309020996094e-01,2.775478875264525414e-03,9.036037340592883993e-08
5.745328865436327703e-11,1.906576203935108976e-17,5.440777162135645995e-09,4.464992611752371943e-12,1.756970663987543284e-16,8.209018453062336129e-14,5.640589151312269678e-08,9.945529103279113770e-01,5.446878727525472641e-03,1.331843151319844765e-07
3.738554951726591469e-11,2.198849554596635605e-17,7.892203335302383493e-09,4.085661930303130518e-12,1.617975866065562811e-16,9.008738850388442465e-14,8.473161017263919348e-08,9.983515739440917969e-01,1.648215809836983681e-03,5.279228432186755526e-08
4.720220395104668398e-11,2.333802913481804496e-17,6.809971253574076400e-09,4.560721158369807071e-12,1.944810807953025063e-16,1.343576671360841024e-13,9.964877278889616719e-08,9.985479712486267090e-01,1.451778225600719452e-03,7.342750052430346841e-08
4.907942455223412992e-11,2.323692946599058881e-17,7.268322388398473777e-09,4.937205592275839550e-12,1.887147584230810474e-16,1.176458968221369417e-13,7.954470504500932293e-08,9.973142743110656738e-01,2.685543382540345192e-03,1.006502543532405980e-07
4.554791960265092143e-11,1.731815108943070649e-17,6.622059789407330754e-09,3.863668499720640526e-12,1.412189873274620586e-16,6.990536486261786364e-14,6.707935540362086613e-08,9.971389770507812500e-01,2.860817592591047287e-03,7.701225257505939226e-08
4.873193168442035983e-11,2.201802920255694935e-17,8.146670005260148173e-09,4.378769048740682734e-12,1.410178964118279673e-16,9.627867757601785148e-14,8.197127954190364107e-08,9.976962208747863770e-01,2.303572371602058411e-03,7.167317050971178105e-08
4.290371877213594587e-11,1.675427695510433348e-17,5.397857272271266993e-09,4.156457730081219992e-12,1.502801487504945382e-16,8.490914406040356299e-14,4.914863538374447671e-08,9.959589838981628418e-01,4.040908999741077423e-03,9.941922485268150922e-08
5.717352286049859345e-11,2.219661749680714802e-17,6.858029699685630476e-09,5.196103096405391142e-12,1.978634686421461395e-16,1.039705905462977309e-13,7.290334025356060010e-08,9.962117671966552734e-01,3.788058180361986160e-03,1.128930406935069186e-07
5.502347882879732310e-11,2.374947208022437113e-17,6.547817843483016986e-09,5.457203699349433279e-12,1.952565923980730217e-16,1.168563808001329973e-13,7.366984533518916578e-08,9.964028596878051758e-01,3.596919123083353043e-03,1.100501165751666122e-07
3.948819743415654671e-11,2.165865231362716094e-17,8.508278526164758659e-09,4.300255897898841440e-12,1.498684642683493465e-16,8.513921853766856507e-14,1.052234992471312580e-07,9.987548589706420898e-01,1.245007966645061970e-03,5.153707860472422908e-08
3.407731388738177714e-11,1.916095563860491729e-17,7.229698617550184281e-09,4.479555615333197238e-12,1.561660748218462644e-16,7.454737646411455088e-14,7.051015415981964907e-08,9.982345104217529297e-01,1.765286782756447792e-03,5.670038660809950670e-08
5.005164338545142755e-11,2.238970461283417617e-17,6.468972468809397469e-09,4.559390191782863866e-12,1.847018736610147953e-16,1.012679049232530215e-13,7.061170492761448259e-08,9.971908926963806152e-01,2.808899385854601860e-03,9.232648778834118275e-08
3.707641832439989571e-11,2.000002118219910686e-17,7.049738126596594157e-09,4.240246175013506758e-12,1.502196255994352582e-16,9.632296045850030630e-14,8.653618976950383512e-08,9.986464381217956543e-01,1.353351050056517124e-03,5.441459904886869481e-08
4.214327151141894490e-11,1.956592341417617836e-17,7.316907080223700177e-09,4.657373445238199849e-12,1.337435112863590318e-16,6.761583480618948983e-14,7.099765042539729620e-08,9.977117776870727539e-01,2.287995303049683571e-03,5.808158576314781385e-08
4.440741177558216179e-11,1.422998476902728488e-17,6.897378224124395274e-09,3.611707070569347700e-12,1.138454632757142371e-16,4.667815613201842240e-14,5.032736893895162211e-08,9.960969090461730957e-01,3.903074655681848526e-03,7.033715831994413747e-08
4.312049675658791159e-11,1.876115774186211263e-17,7.873325102991657332e-09,4.162807685365033095e-12,1.314866846426285545e-16,7.233085387147591971e-14,7.342124064280142193e-08,9.977602958679199219e-01,2.239534631371498108e-03,5.967851990362760262e-08
4.168843742435868194e-11,1.332275706141688816e-17,6.045148381872422760e-09,3.558047519808260617e-12,1.170248411479026559e-16,5.846730299343891324e-14,5.557054194582633500e-08,9.965019226074218750e-01,3.497940488159656525e-03,6.958975973248016089e-08
3.314824109645897465e-11,1.083232220499224754e-17,5.397938984685879404e-09,3.407954040496319337e-12,8.351596629161631841e-17,2.661190834211436818e-14,3.401765269472889486e-08,9.955221414566040039e-01,4.477739334106445312e-03,7.436533167037850944e-08
4.553051685673992210e-11,1.862531814166865443e-17,6.876700098246146808e-09,4.012078863580015309e-12,1.418605883152275894e-16,6.275459074915265556e-14,6.133721086598598049e-08,9.971478581428527832e-01,2.851970959454774857e-03,6.488851056474231882e-08
3.875406939801706585e-11,1.444672594185087940e-17,6.553219744631633148e-09,3.744732822441587672e-12,1.072235317476475281e-16,5.566661904652867032e-14,6.841179356342763640e-08,9.980621933937072754e-01,1.937623601406812668e-03,5.082061349526156846e-08
3.634033352017951302e-11,1.952001654454071043e-17,8.795347561374455836e-09,4.030485147021867220e-12,1.328223364864403785e-16,8.557334664005891711e-14,1.275294891911471495e-07,9.990531802177429199e-01,9.466465562582015991e-04,3.364008449580069282e-08
4.578974699409599225e-11,1.504972241042856041e-17,6.856368361951581392e-09,3.837933876954524592e-12,1.195446582868657927e-16,5.887568807049631259e-14,5.976539796392899007e-08,9.968731999397277832e-01,3.126687603071331978e-03,5.974693095822658506e-08
3.222018832294004653e-11,1.540699991496368923e-17,7.609514796058647335e-09,3.779016596178186305e-12,1.127914895915338705e-16,5.562534143694307376e-14,6.141338104725946323e-08,9.980928301811218262e-01,1.907047349959611893e-03,4.126765063006132550e-08
3.917062854630337654e-11,1.504212558368287340e-17,6.312628197946423825e-09,3.879541653206697305e-12,1.316600749339094699e-16,6.317225253104838401e-14,6.521942452764051268e-08,9.977164268493652344e-01,2.283415291458368301e-03,6.180482614581706002e-08
3.574209678225415132e-11,1.947662595832862881e-17,7.401077084523421945e-09,4.313011753298567896e-12,1.318453501562315473e-16,8.693706290887476262e-14,8.190843914235301781e-08,9.987508058547973633e-01,1.248987973667681217e-03,4.721970014998078113e-08
3.871863246684981164e-11,1.596709052516824469e-17,7.463204276803026005e-09,4.127340396536949285e-12,1.216020219064076831e-16,6.451547060254067545e-14,7.055640338649027399e-08,9.977524876594543457e-01,2.247366821393370628e-03,5.577064854378477321e-08
5.084492549212171753e-11,2.302522913181989243e-17,8.349680058472586097e-09,4.421046861935451489e-12,1.556664709667540366e-16,8.237677982239274832e-14,9.199591488595615374e-08,9.978081583976745605e-01,2.191634383052587509e-03,6.429814192188132438e-08
4.380473067611134752e-11,1.671311644782369482e-17,6.107357286566639232e-09,3.999738474452785297e-12,1.284400791849222472e-16,7.237405255178588903e-14,4.361396577223786153e-08,9.960585832595825195e-01,3.941402304917573929e-03,8.258310657538459054e-08
4.418065566169637748e-11,1.390912471814041566e-17,6.203086488909548279e-09,3.789074089211030838e-12,1.142729502162816418e-16,5.600460213314208124e-14,5.030376115655599278e-08,9.962204098701477051e-01,3.779495600610971451e-03,8.719789690303514362e-08
4.878502463112610599e-11,1.992679088256978732e-17,7.485548181307422055e-09,4.487098193006744395e-12,1.515731445444782276e-16,8.157173260426794914e-14,7.321960993067477830e-08,9.976122379302978516e-01,2.387579297646880150e-03,7.676906221831814037e-08
3.473346610327610051e-11,1.618125089448067377e-17,6.519105699709371038e-09,3.563058485409054121e-12,1.303896049223668245e-16,7.100538283429450037e-14,6.172393085535077262e-08,9.979681372642517090e-01,2.031660405918955803e-03,5.816336923203380138e-08
4.786195051398323130e-11,1.493224291111132921e-17,6.219752712866011279e-09,3.902370180469683092e-12,1.292830887256770896e-16,6.538138222012337963e-14,5.885288345552908140e-08,9.966855645179748535e-01,3.314217086881399155e-03,7.027315973573422525e-08
4.493120805970640674e-11,2.332318455154516832e-17,7.694932691038047778e-09,4.700214609881792072e-12,1.638396109888189882e-16,9.300337057557492293e-14,8.337112689105197205e-08,9.979927539825439453e-01,2.007115865126252174e-03,7.106670096845846274e-08
3.458200392714161353e-11,2.039512896486873585e-17,7.719832773034340789e-09,3.889351080782477155e-12,1.359288298204955250e-16,9.033142208412017760e-14,1.009552548225656210e-07,9.987959861755371094e-01,1.203860738314688206e-03,4.366964390101202298e-08
4.726993102499577049e-11,1.817265016889391046e-17,7.085001918483158079e-09,4.672659828508507474e-12,1.487356635805151266e-16,6.939895435664061862e-14,6.730376611585597857e-08,9.972779154777526855e-01,2.721893368288874626e-03,8.408904506040926208e-08
4.143223958363861925e-11,1.518236743909633882e-17,5.373416378517958947e-09,3.885150014204530322e-12,1.309936320579877466e-16,6.576702615661289553e-14,4.096287753441174573e-08,9.958330988883972168e-01,4.166845697909593582e-03,8.923767325086373603e-08
2.926920164569857263e-11,1.566092120196031724e-17,9.616875296103444271e-09,3.582109435462665914e-12,1.001796719327297707e-16,4.695978781071689923e-14,8.750943436552915955e-08,9.989809393882751465e-01,1.018878770992159843e-03,2.642708274436245119e-08
3.346562957307064323e-11,1.831798249379702721e-17,8.929370132193525933e-09,4.136780761693215069e-12,1.148700819743163218e-16,6.759522818864868721e-14,9.957978619468121906e-08,9.989307522773742676e-01,1.069073216058313847e-03,3.597033426672169298e-08
4.653861671033432401e-11,2.828500098616490313e-17,6.855833678542921916e-09,5.175086487813063130e-12,2.227411571752499616e-16,1.246700496743829989e-13,9.272356749079335714e-08,9.982185959815979004e-01,1.781229279004037380e-03,8.071681634191918420e-08
4.872077047357592505e-11,2.227646027825321646e-17,7.590156059222863405e-09,4.674565422246867996e-12,1.745634583826422568e-16,8.699545397212668507e-14,8.243709004318588995e-08,9.977036118507385254e-01,2.296263584867119789e-03,7.659194523057522019e-08
3.305199516856482944e-11,1.524966354501120294e-17,7.075597885375373153e-09,3.713696017371148628e-12,1.017153889882161202e-16,5.537883790863312727e-14,6.945420949477920658e-08,9.985392093658447266e-01,1.460621366277337074e-03,3.736732168135858956e-08
4.466679803805106985e-11,1.630954660748764836e-17,6.458579004942066604e-09,3.828210751871674589e-12,1.342032648882609050e-16,6.246626073390729172e-14,6.361593563042333699e-08,9.970329999923706055e-01,2.966797444969415665e-03,7.665690304747840855e-08
5.445270970239057817e-11,2.172385399823104080e-17,6.188976442444982240e-09,4.427393781453181631e-12,1.911851564835278161e-16,1.206900519194059607e-13,7.085301234610597021e-08,9.968211650848388672e-01,3.178623504936695099e-03,1.107090881191652443e-07
5.276398068465582014e-11,2.621981554675071127e-17,7.924477962717446644e-09,5.284130338151227235e-12,2.047056155016091657e-16,1.355461966626170245e-13,1.011337644740706310e-07,9.975837469100952148e-01,2.416045870631933212e-03,8.698593489953054814e-08
4.839125281042022664e-11,2.981027571359838319e-17,7.873102170208312600e-09,5.354990322697927851e-12,2.307756352568714241e-16,1.527746977319707766e-13,1.133513194417901104e-07,9.983031749725341797e-01,1.696594874374568462e-03,7.232682719404692762e-08
5.636443742296215476e-11,1.830790908829735644e-17,6.254767814795059166e-09,4.433105792178704263e-12,1.603932986242372571e-16,9.415031417252944790e-14,6.828047105500445468e-08,9.958367347717285156e-01,4.163055215030908585e-03,9.775335740869195433e-08
4.977951731377494582e-11,2.926685113837554613e-17,7.589449957379201805e-09,5.815052432633915913e-12,2.598534557729439021e-16,1.585083247383073379e-13,1.079928466651836061e-07,9.978582262992858887e-01,2.141544362530112267e-03,1.075188933441495465e-07
3.332891254648195911e-11,1.746613700973889335e-17,7.773713228687029186e-09,3.125643624132812270e-12,1.196442905372865797e-16,6.151467681590749859e-14,7.449207828358339611e-08,9.984540939331054688e-01,1.545780338346958160e-03,3.867200604190657032e-08
4.032832401357211438e-11,1.588585973465431227e-17,7.404191482152100434e-09,3.852647801477759870e-12,1.191954292496908048e-16,5.024440878544783606e-14,6.362675009086160571e-08,9.972842931747436523e-01,2.715514274314045906e-03,6.356827952913590707e-08
3.751676053154184842e-11,1.428824806265306994e-17,7.197288542926116861e-09,3.539704553773281859e-12,9.830021831933578543e-17,5.658379309807920476e-14,6.820618381198073621e-08,9.981704950332641602e-01,1.829384127631783485e-03,4.560937227893191448e-08
4.830078351170108419e-11,2.635805231635934815e-17,6.955637843475415139e-09,4.895407863803047377e-12,1.974391316053513367e-16,1.085193878660149769e-13,7.856154837782014511e-08,9.975397586822509766e-01,2.460032701492309570e-03,9.748353591021441389e-08
4.163281872027191355e-11,1.899452855372047323e-17,6.895920723337667368e-09,4.214878879943428913e-12,1.488437926301880584e-16,8.930874838492322554e-14,7.300280202571229893e-08,9.977287650108337402e-01,2.271034289151430130e-03,7.227281173527444480e-08
5.387592802441609763e-11,2.921006684368500589e-17,8.291627828782566212e-09,5.704752208818275605e-12,2.247453959471312464e-16,1.241078637428949527e-13,9.934502998021343956e-08,9.976865053176879883e-01,2.313278382644057274e-03,9.240479670324930339e-08
5.300033675825766011e-11,2.720254747349433580e-17,7.383301525720753489e-09,4.970654096658755350e-12,2.057528526268809005e-16,1.206367091725196738e-13,8.263943840347565128e-08,9.975177049636840820e-01,2.482044743373990059e-03,1.027080358539933513e-07
4.495701033668808577e-11,1.904436287690434293e-17,7.908048438309833728e-09,4.343573244136589295e-12,1.519236176612944952e-16,8.330585299278631117e-14,8.784843430476030335e-08,9.980974793434143066e-01,1.902358839288353920e-03,6.372893324169126572e-08
6.086281478800970035e-11,2.411500650163400427e-17,7.515907007871192036e-09,5.768112983778328484e-12,2.314814519299506716e-16,1.333722222289848713e-13,9.272594070353079587e-08,9.960038065910339355e-01,3.995984327048063278e-03,1.323935521213570610e-07
3.823680955195030151e-11,1.835092248015011388e-17,9.324028660273597779e-09,3.779059096903347736e-12,1.220027081951283697e-16,8.040569349655052322e-14,8.816392238486514543e-08,9.984810948371887207e-01,1.518813078291714191e-03,4.428858346727793105e-08
5.257956917081862969e-11,1.924066276243052703e-17,6.700069832277222304e-09,4.196694207425633039e-12,1.646307132917749030e-16,9.356481111806938533e-14,6.507722360993284383e-08,9.963104128837585449e-01,3.689394332468509674e-03,9.597301442454408971e-08
5.906364286545340292e-11,3.135784130417894225e-17,7.219541853231703499e-09,5.634868873588549931e-12,2.467802963254618273e-16,1.417426018137518673e-13,9.180570970102053252e-08,9.973189234733581543e-01,2.680900972336530685e-03,1.143567303074632946e-07
3.814521268297177414e-11,2.326600486452182773e-17,6.885219505647910410e-09,4.394204184549055370e-12,1.492314690222345109e-16,8.100288560568269514e-14,8.254833261389649124e-08,9.983679652214050293e-01,1.631865510717034340e-03,5.878716535789862974e-08
6.123160312121456172e-11,3.196878366972080764e-17,7.892230868833394197e-09,5.555549943692117409e-12,2.426988680691169811e-16,1.631458097957338982e-13,1.261318800516164629e-07,9.980352520942687988e-01,1.964552560821175575e-03,9.176866910820535850e-08
3.565430936602886902e-11,1.789679370641360126e-17,6.510925132374723034e-09,3.974330413381021998e-12,1.427173224367059116e-16,8.093997477462422374e-14,7.547150460140983341e-08,9.984777569770812988e-01,1.522045815363526344e-03,5.192390517549938522e-08
5.129865629505125924e-11,1.475875832124058271e-17,5.334170438686669513e-09,3.756289116557676167e-12,1.473036087993939225e-16,6.863054639568225146e-14,4.876108050666516647e-08,9.942003488540649414e-01,5.799589212983846664e-03,1.195513448237761622e-07
4.937701983398490313e-11,2.361999019021899550e-17,6.665456186993878873e-09,4.633056525232825962e-12,1.899724038264066707e-16,1.149299161699521288e-13,8.558114217294132686e-08,9.977298378944396973e-01,2.269956283271312714e-03,8.318161093257003813e-08
3.429923706166349007e-11,2.105050581855572478e-17,8.736768641881553776e-09,4.435144959624715000e-12,1.311976743540474270e-16,8.276629978164889989e-14,1.038109260775854636e-07,9.990216493606567383e-01,9.782026754692196846e-04,3.746503907109399734e-08
4.646730916713082138e-11,2.532715862563043614e-17,8.009291896371451003e-09,4.357668739740638841e-12,1.766712336974355789e-16,1.299034257983347485e-13,9.453128058112270082e-08,9.983596205711364746e-01,1.640213187783956528e-03,6.267150354233308462e-08
3.882058910442687250e-11,2.076808485073419476e-17,7.704149318499275978e-09,4.381813054760153037e-12,1.520649662843675566e-16,8.663422491330882713e-14,8.443880261665981379e-08,9.982261061668395996e-01,1.773702679201960564e-03,5.672175973359117052e-08
4.003990194956230653e-11,1.702380383153738691e-17,6.300020061189570697e-09,4.060832399510605484e-12,1.412519289681763704e-16,7.632083306270340262e-14,7.232166154835795169e-08,9.977940320968627930e-01,2.205758821219205856e-03,6.668609842108708108e-08
5.024022517452486625e-11,1.774115140235562357e-17,7.471286700422297145e-09,4.075619616100700782e-12,1.423651287842155337e-16,8.245919274002880273e-14,7.152063830062616034e-08,9.966255426406860352e-01,3.374228021129965782e-03,7.975325644338226994e-08
3.736561060563303727e-11,2.086274243695108793e-17,6.806649466284397931e-09,4.365356600505299056e-12,1.500276402879841507e-16,1.019262257061226418e-13,8.412489194142835913e-08,9.986302852630615234e-01,1.369515666738152504e-03,5.348976017671702721e-08
5.264011448957717221e-11,2.335028298841240551e-17,8.024447772925213940e-09,4.786576083409821436e-12,1.891137638807970263e-16,9.972341827096595224e-14,9.424703506510923035e-08,9.976631402969360352e-01,2.336669247597455978e-03,7.710801241955778096e-08
4.992749963461662333e-11,2.401661667649327184e-17,7.865440743159979320e-09,4.786766035630440896e-12,2.146792696368509420e-16,1.168818866562407188e-13,1.006326186825390323e-07,9.978263974189758301e-01,2.173347631469368935e-03,7.862175266382109839e-08
6.061139784518942975e-11,2.016213203864724923e-17,7.678831792645723908e-09,4.967833869967686056e-12,1.702420815742080283e-16,8.309587013703018110e-14,9.130189937422983348e-08,9.968395233154296875e-01,3.160286229103803635e-03,1.012593671134709439e-07
3.468970596887110958e-11,7.264819608865372342e-18,4.953319976408465664e-09,2.644746184207735773e-12,6.543346061151721180e-17,2.261198159595433077e-14,3.258415404161496554e-08,9.955821633338928223e-01,4.417797084897756577e-03,5.582613127330660063e-08
6.831189780509561160e-11,3.680130846587605401e-17,7.861189921243294521e-09,5.908730969783615450e-12,3.228891977213557045e-16,1.656766629269668112e-13,1.039575323602548451e-07,9.971177577972412109e-01,2.881959779188036919e-03,1.566546075082442258e-07
3.787522379061769584e-11,1.992180960092099299e-17,7.278331715099284338e-09,3.692590937881545798e-12,1.464874660849348025e-16,7.833835712284589747e-14,8.829122322140392498e-08,9.984667897224426270e-01,1.533030648715794086e-03,5.010858927789740846e-08
3.840689571932287549e-11,1.818656003807460217e-17,7.899974896474759589e-09,4.093501145691069709e-12,1.308081980169880591e-16,7.642322240536750244e-14,8.125790884605521569e-08,9.983763694763183594e-01,1.623479998670518398e-03,5.750487375166812853e-08
4.265914357870492779e-11,1.797240959492952373e-17,7.726762341064841166e-09,3.818953400042124358e-12,1.273191369583495875e-16,8.984778660002870621e-14,8.914461346876123571e-08,9.983377456665039062e-01,1.662008813582360744e-03,5.025984606277233979e-08
3.997834702174074550e-11,1.878404086632777959e-17,7.607764196393418388e-09,4.023681561549086183e-12,1.301500534169714677e-16,8.120520450733206830e-14,8.434260934109261143e-08,9.983372688293457031e-01,1.662575639784336090e-03,4.951838405986563885e-08
5.029044194970744286e-11,2.376750461757802714e-17,6.173742850279495542e-09,4.672959935669851461e-12,1.930870630874689407e-16,1.049485544584068120e-13,7.080691943883721251e-08,9.971784353256225586e-01,2.821369562298059464e-03,1.009027386089655920e-07
4.582536433650474805e-11,1.178661483509568642e-17,5.457534868469338107e-09,3.840765379348187736e-12,1.005961805322073716e-16,3.851633299952438028e-14,3.445902052590099629e-08,9.931584000587463379e-01,6.841479334980249405e-03,1.044275350636780786e-07
5.387399207301690751e-11,2.155036279091539388e-17,7.882827723904028971e-09,4.801512052537981745e-12,1.881378628115518647e-16,1.120843123717830958e-13,8.564538234168139752e-08,9.968708157539367676e-01,3.128973999992012978e-03,9.143529666744143469e-08
4.573618220260478040e-11,2.572954063460685645e-17,7.105606325552571434e-09,4.773001438529433926e-12,1.988817610634234186e-16,1.111231264882932279e-13,1.097444410902426171e-07,9.986836314201354980e-01,1.316234120167791843e-03,6.282338915752916364e-08
3.903551093475954303e-11,1.368575948297149649e-17,8.578412646897959348e-09,3.529934374316145984e-12,9.874009311675678428e-17,5.348178565051271705e-14,7.054973139020148665e-08,9.980807304382324219e-01,1.919105648994445801e-03,4.653048435443452036e-08
3.200069029207774918e-11,1.965109654748953852e-17,7.887135389239574579e-09,4.026320509636915901e-12,1.318945442416213009e-16,7.500415083938269389e-14,1.062568131260377413e-07,9.991692304611206055e-01,8.306989911943674088e-04,3.486451305434457026e-08
3.550808605479183200e-11,1.846540924001112822e-17,8.477791801908551861e-09,4.046726495565700077e-12,1.323369204332146601e-16,8.271972652207706944e-14,9.844266912750754273e-08,9.987414479255676270e-01,1.258397591300308704e-03,3.999520359343478049e-08
4.811521667202889319e-11,2.656431807390557113e-17,6.950198638833171572e-09,4.668023346338090462e-12,2.326751595806483960e-16,1.622568724345130331e-13,9.691991209592742962e-08,9.981428384780883789e-01,1.856998656876385212e-03,7.978073313097411301e-08
4.037257680944428273e-11,1.514119866000957464e-17,7.190446016380747096e-09,3.530018074723861865e-12,1.173817199513825342e-16,5.307413240992174541e-14,5.334679542556841625e-08,9.970502853393554688e-01,2.949498826637864113e-03,5.975857675366569310e-08
3.983267535256906910e-11,1.930475933373603604e-17,8.359211101094388141e-09,4.086172806366805688e-12,1.642166200596859569e-16,9.476376253798532434e-14,1.276318926102248952e-07,9.987908005714416504e-01,1.209023874253034592e-03,4.472504855357328779e-08
3.949222546206776485e-11,1.654980948820980078e-17,6.905034322102210353e-09,4.003271238811612065e-12,1.188691892160998907e-16,6.429680057687750527e-14,6.964985033164339256e-08,9.979027509689331055e-01,2.097024582326412201e-03,5.830216665003717935e-08
3.847710344784260883e-11,2.130907586059490081e-17,9.660817923418107966e-09,4.506773860352142336e-12,1.335917335701229018e-16,8.533672629217753380e-14,1.058662491004724870e-07,9.987640380859375000e-01,1.235825475305318832e-03,4.566522804339001596e-08
4.543885059882235566e-11,1.903678259377090699e-17,7.577039440320731956e-09,4.309567893517884940e-12,1.419976620688949767e-16,7.590979169032341378e-14,8.828016007100814022e-08,9.980656504631042480e-01,1.934216707013547421e-03,5.731946117748520919e-08
5.324476970436364809e-11,2.922699095901784084e-17,8.572713205978743645e-09,5.245986804680580207e-12,2.170301831121756509e-16,1.367273129567955769e-13,1.167533980606094701e-07,9.982798099517822266e-01,1.719985040836036205e-03,7.633158105591064668e-08
3.715420332506269574e-11,1.639208103464696436e-17,7.599717299910935253e-09,3.746551680006149354e-12,1.195634783001625991e-16,5.995445567959223343e-14,8.044223420711205108e-08,9.984040856361389160e-01,1.595728914253413677e-03,4.255541696807085827e-08
3.574354354163311598e-11,1.684257517677191897e-17,9.061423611456120852e-09,3.859293960795096012e-12,1.059379342570625129e-16,6.750732649751442493e-14,1.015371964285805007e-07,9.987779259681701660e-01,1.221911865286529064e-03,3.391702918520422827e-08
4.590279545357844881e-11,1.949120418944426337e-17,6.971767163577169413e-09,4.380123434094551627e-12,1.588552191409214561e-16,8.027419332555518761e-14,7.500719334530003835e-08,9.976165294647216797e-01,2.383296610787510872e-03,7.659475187438147259e-08
5.044573786472383858e-11,1.919686189463461911e-17,7.678711000380644691e-09,4.334167573449843047e-12,1.543895290940987763e-16,7.617451997952648379e-14,7.361862941479557776e-08,9.968941211700439453e-01,3.105626674368977547e-03,7.509883914735837607e-08
6.383155809475127285e-11,3.219489183580095265e-17,8.415431018704566668e-09,6.244236464697516809e-12,2.671476005888855044e-16,1.319767185077244664e-13,8.443073085118157906e-08,9.955770969390869141e-01,4.422677215188741684e-03,1.542957193123584148e-07
3.559100930639047533e-11,1.455463827020332229e-17,7.482793940027931967e-09,3.703687530276500439e-12,1.099946331218144737e-16,5.306739680392517922e-14,6.922278572574214195e-08,9.983547329902648926e-01,1.645119627937674522e-03,4.758070559773841524e-08
4.123206290285175157e-11,1.667586850484043199e-17,7.640878152415098157e-09,3.921502445686231297e-12,1.357239669612681919e-16,8.839206222435030957e-14,8.338051316059136298e-08,9.981089830398559570e-01,1.890817540697753429e-03,5.673912539805314736e-08
6.733907875755562600e-11,2.864394443245371375e-17,6.769792282312891984e-09,5.835237675000382040e-12,2.438550945118987028e-16,1.663425663487802519e-13,7.850015748545047245e-08,9.961634874343872070e-01,3.836218267679214478e-03,1.427172833246004302e-07
5.292533772349727883e-11,1.616727319648975271e-17,4.700068778618060605e-09,4.322481175073056292e-12,1.652399152693079568e-16,8.882402192239569061e-14,4.734531344752213045e-08,9.945759773254394531e-01,5.423906724900007248e-03,1.446258295345614897e-07
3.945416215955788175e-11,1.593023632015655710e-17,6.123655360568136530e-09,3.848979295006937917e-12,1.186031944008824387e-16,6.573078669899756754e-14,5.451545703749616223e-08,9.974222183227539062e-01,2.577660372480750084e-03,6.860030765665214858e-08
4.434688033461142709e-11,2.065842717128926498e-17,6.638723792917744504e-09,4.413488671750620540e-12,1.589245170239186986e-16,1.012239473014223123e-13,8.230039583168036188e-08,9.982191920280456543e-01,1.780581544153392315e-03,7.271175661571760429e-08
3.884119414987452501e-11,1.421446189765211476e-17,6.524576434685513959e-09,3.751956644676424091e-12,1.075578913861312627e-16,5.919516179314632254e-14,6.423964293844619533e-08,9.979105591773986816e-01,2.089200075715780258e-03,5.465305719098978443e-08
3.611312637818997473e-11,1.912847556467241010e-17,1.029637886063028418e-08,4.194661978873526209e-12,1.157526770704655019e-16,6.423377454933820729e-14,1.046261814963145298e-07,9.988487958908081055e-01,1.150994678027927876e-03,3.927442904227973486e-08
5.517030929325095201e-11,1.555777177957495469e-17,6.621984738330866094e-09,3.874332278608338953e-12,1.486069278074222738e-16,6.601499674598748646e-14,5.810906245073965692e-08,9.956167936325073242e-01,4.383022896945476532e-03,9.333744799278065329e-08
4.514439169711614852e-11,1.892478730191490236e-17,7.052137096508204195e-09,4.321283782193763301e-12,1.538404796907105786e-16,8.869920314728829691e-14,7.040784311129755224e-08,9.971568584442138672e-01,2.842888701707124710e-03,7.747478036890242947e-08
4.065349445969701492e-11,1.845896219431688993e-17,6.348916947729321691e-09,3.955034650476862979e-12,1.464581640389157240e-16,7.518955618714129319e-14,6.747481506863550749e-08,9.978673458099365234e-01,2.132395049557089806e-03,6.592836143681779504e-08
5.223732904569011737e-11,1.766394732706359929e-17,6.678969377560406429e-09,4.175123788363599431e-12,1.537167070012930440e-16,7.650536427246043547e-14,6.057346269017216400e-08,9.954845905303955078e-01,4.515228327363729477e-03,9.907946463272310211e-08
4.524848204456866085e-11,2.215789717233354080e-17,7.181831129798865732e-09,4.242348659866390648e-12,1.555344529409905733e-16,8.277023001452415985e-14,7.985203609450763906e-08,9.980577826499938965e-01,1.941984635777771473e-03,7.309487415341209271e-08
4.533931563521775843e-11,2.237122208922729131e-17,8.528056483214641048e-09,4.605986599071076881e-12,1.535622426024273418e-16,9.175757484554403209e-14,7.262854495593273896e-08,9.971851706504821777e-01,2.814562758430838585e-03,7.772533905381351360e-08
4.500217212766166597e-11,1.798129516906956835e-17,6.423245491049556222e-09,3.919613331820892554e-12,1.552476264092265859e-16,7.961776312022383895e-14,6.662606466534271021e-08,9.967455863952636719e-01,3.254137234762310982e-03,8.429234554796494194e-08
4.791148380811627305e-11,2.231869612033017406e-17,6.434548005529450165e-09,4.567211192574305301e-12,1.638893477046905766e-16,8.952225489773993350e-14,7.889433106811338803e-08,9.977437257766723633e-01,2.256056759506464005e-03,7.887823016972106416e-08
3.180786883882902316e-11,1.455677239618370910e-17,7.036139670901775389e-09,3.776490838797164074e-12,1.086951059097140656e-16,6.228334905114540909e-14,7.235842502950617927e-08,9.989355206489562988e-01,1.064293086528778076e-03,3.597709152813877154e-08
2.952167330039223714e-11,1.908290287600441360e-17,1.043489916696671571e-08,3.803221192838490694e-12,1.165398750809301665e-16,7.032792588308051096e-14,1.184778497531624453e-07,9.991372823715209961e-01,8.625994669273495674e-04,2.692678435778361745e-08
5.591349258593503180e-11,2.342026081387316654e-17,7.022419534763457705e-09,4.793472476588567233e-12,2.090564928794094854e-16,1.001024350216761505e-13,8.363322478999180021e-08,9.965959191322326660e-01,3.403796814382076263e-03,1.069524060426374490e-07
4.286629384786522223e-11,1.584021094536996088e-17,7.539869173456281715e-09,4.085478483295545971e-12,1.142326235070584566e-16,5.652474473726021298e-14,6.334319380130182253e-08,9.973209500312805176e-01,2.678838791325688362e-03,5.472337605283428275e-08
4.474794493281031293e-11,1.667644256818554379e-17,6.631335924822678862e-09,4.013159596305548860e-12,1.416970580168483060e-16,7.720038529886869005e-14,6.622567383374189376e-08,9.972072243690490723e-01,2.792604267597198486e-03,7.088058140425346210e-08
4.122541891193876040e-11,1.368193211827721363e-17,5.912656586559705829e-09,3.289679292861613646e-12,1.115707960005322161e-16,4.886051619182839312e-14,4.781099605111194251e-08,9.966147541999816895e-01,3.385172691196203232e-03,6.940688024315022631e-08
4.130861971929356002e-11,2.527112871965854425e-17,9.423886560000482859e-09,4.841731616328504018e-12,1.793188998718749116e-16,1.011117662578879528e-13,1.037783334822961478e-07,9.985784292221069336e-01,1.421424443833529949e-03,5.819827109121433750e-08
3.056165737147509276e-11,1.333613753500554594e-17,6.164816657161509283e-09,3.415398389453039307e-12,9.851929545020922971e-17,4.672691473659416894e-14,4.948746834543271689e-08,9.980279803276062012e-01,1.972003607079386711e-03,4.777443507464340655e-08
5.494739385714098034e-11,1.633392362013958609e-17,6.062404356299566643e-09,4.182926574558543109e-12,1.385888573820088501e-16,7.131776858524188634e-14,4.888267213232211361e-08,9.953212141990661621e-01,4.678640980273485184e-03,1.037563706063338032e-07
3.950049315415427031e-11,1.896951792071931988e-17,7.892956510602289200e-09,4.331638346621868862e-12,1.438881866676073717e-16,7.894787525542651396e-14,8.434382436917076120e-08,9.981459379196166992e-01,1.853927271440625191e-03,5.770461797283132910e-08
6.408011621328313367e-11,2.542281213730484315e-17,6.391966067553767061e-09,5.491629286730193016e-12,2.322894684220720707e-16,1.189910393524853949e-13,6.237056027202925179e-08,9.925200939178466797e-01,7.479633670300245285e-03,2.107750418645082391e-07
4.026101674270421427e-11,9.755036089608298968e-18,4.908728534758211026e-09,2.946102129613992204e-12,9.012444455420046499e-17,3.213496973402708845e-14,3.116521440915676067e-08,9.941794872283935547e-01,5.820406135171651840e-03,8.424886743796378141e-08
4.009694659634632785e-11,1.980187172082325419e-17,7.371785848420131515e-09,4.485292345868252539e-12,1.523037104614850617e-16,7.555397686610440533e-14,8.630883030491531827e-08,9.983678460121154785e-01,1.632014871574938297e-03,5.656353252447843261e-08
4.015466084639207622e-11,9.649779838202763855e-18,5.024131777275897548e-09,3.217101715233261494e-12,7.945694470370430864e-17,2.730576385118720084e-14,3.659261338384567352e-08,9.946958422660827637e-01,5.304128397256135941e-03,7.145748526227180264e-08
5.064220223727211589e-11,1.929391168718301564e-17,6.969681276558503669e-09,4.457535469210016643e-12,1.615853916183792780e-16,9.635992497631848397e-14,7.881826746825026930e-08,9.974797368049621582e-01,2.520052017644047737e-03,8.232746750991282170e-08
4.004694145742782041e-11,2.343492176305005641e-17,8.318900235337878257e-09,4.755571804404556957e-12,1.668703213438744765e-16,9.502632242284342334e-14,8.205270773942174856e-08,9.980645775794982910e-01,1.935257110744714737e-03,6.798932616902675363e-08
4.018886612389138691e-11,1.226718774583490678e-17,6.447488765104480990e-09,3.646186217537428220e-12,1.102909292172309682e-16,5.632634929222252174e-14,5.700004379605161375e-08,9.971413016319274902e-01,2.858457155525684357e-03,6.370493110807728954e-08
6.042740613443342568e-11,2.150128451081139764e-17,6.283307207866073441e-09,4.500828529319100824e-12,1.940428603591066135e-16,1.054041023299673308e-13,6.923173145878536161e-08,9.958267807960510254e-01,4.172923509031534195e-03,1.300962821915163659e-07
4.713356788199618563e-11,2.258175940745673813e-17,7.105576571575511480e-09,5.208825558378205045e-12,1.952933059823805753e-16,8.881008314821567384e-14,6.557602461043643416e-08,9.964685440063476562e-01,3.531209426000714302e-03,1.053613587487234327e-07
7.187448552992137252e-11,2.459234430899752974e-17,7.021601078349704039e-09,5.169955609451992729e-12,2.384218546112951967e-16,1.376401705284469035e-13,7.767036436234775465e-08,9.949073195457458496e-01,5.092365667223930359e-03,1.527391901845476241e-07
3.008318941177812178e-11,9.277807470085630499e-18,5.512430956144953598e-09,2.974619682516443930e-12,6.833779100386439833e-17,3.248708471833249012e-14,3.401901693678155425e-08,9.972153902053833008e-01,2.784518757835030556e-03,4.718930313174496405e-08
4.053466243214565168e-11,1.973563606045368305e-17,7.962479564582736202e-09,4.015848417693312911e-12,1.321308929036848524e-16,7.870939143506117119e-14,8.360191827705421019e-08,9.983437061309814453e-01,1.656106207519769669e-03,5.046273088282760000e-08
5.502182390260124123e-11,1.634784672421007865e-17,6.183232592604781530e-09,3.867148788694318995e-12,1.438110537298480270e-16,7.343619798632489148e-14,5.418726445327592955e-08,9.948859810829162598e-01,5.113800987601280212e-03,1.064060057842652895e-07
4.041640633278831274e-11,1.499688542162112321e-17,6.376045025291432466e-09,3.581342037164980674e-12,1.181632004894532322e-16,5.545457620664481779e-14,5.897241095453864546e-08,9.972840547561645508e-01,2.715772716328501701e-03,6.336949098795230384e-08
4.782745727238690847e-11,2.665913447880007448e-17,9.180110893680648587e-09,4.959077419541824128e-12,1.856187868264175755e-16,1.129456432351870487e-13,8.947468188580387505e-08,9.973435997962951660e-01,2.656225347891449928e-03,8.193762823793804273e-08
4.586049248689327840e-11,1.478194419381044408e-17,6.152264919734307114e-09,3.667511173227611110e-12,1.193240062041060474e-16,5.960053143291149658e-14,5.919546808286213491e-08,9.968454241752624512e-01,3.154355101287364960e-03,7.898222520452691242e-08
3.866437031652125711e-11,1.942470217691745016e-17,6.999003154817273753e-09,4.510088916914734014e-12,1.381833932980700572e-16,7.874665410847678237e-14,6.385273110254274798e-08,9.977691173553466797e-01,2.230674261227250099e-03,6.404288654948686599e-08
4.957956267759300317e-11,2.619632196299298018e-17,8.241913818096691102e-09,5.240689826546685026e-12,1.914307033940029572e-16,1.256791166363152579e-13,9.720839955207338789e-08,9.976256489753723145e-01,2.374189672991633415e-03,8.171603838036389789e-08
4.841076498007801376e-11,2.227494488337101932e-17,6.209624814346170751e-09,4.783688636184058041e-12,2.034302485808402064e-16,1.154888494949227185e-13,7.347356500986279570e-08,9.973351359367370605e-01,2.664641477167606354e-03,9.962916180938918842e-08
3.832090547661870517e-11,2.101288068121313777e-17,7.460081441479360365e-09,4.197341692963041382e-12,1.452425526455975954e-16,8.471581048425866345e-14,8.197943657251016703e-08,9.986026883125305176e-01,1.397165120579302311e-03,4.657053764844931720e-08
3.758257594022040848e-11,1.331866913482965110e-17,6.627581594642606433e-09,3.406230592722936379e-12,1.043645639400927496e-16,5.438071461237939386e-14,6.064011159878646140e-08,9.979990124702453613e-01,2.000836888328194618e-03,4.802043918061826844e-08
3.694470770976288065e-11,1.605539867300318082e-17,7.838391269388012006e-09,3.988696092166454932e-12,1.093973491625470839e-16,6.022865718527739554e-14,7.354044839757989394e-08,9.983343482017517090e-01,1.665490795858204365e-03,4.333034908654553874e-08
6.467043567326413722e-11,1.717104694365550116e-17,7.521137490584806073e-09,4.227039725190895325e-12,1.549566441220651320e-16,7.566961380406356241e-14,7.721618544564989861e-08,9.956974983215332031e-01,4.302241373807191849e-03,9.453329141706490191e-08
4.264611580540034197e-11,1.709038194468055500e-17,5.988032736325976657e-09,3.963499667358760803e-12,1.650219895738471864e-16,7.196620957581473244e-14,6.298875376842261176e-08,9.967259168624877930e-01,3.273845417425036430e-03,7.926642098254887969e-08
5.178553766360671773e-11,2.098493355703742117e-17,7.580917227301142702e-09,4.857038382599654369e-12,1.653813433017198233e-16,9.439961290956533357e-14,8.055040012777681113e-08,9.972630739212036133e-01,2.736709779128432274e-03,9.408479684225312667e-08
4.371645059841888781e-11,1.603118875083497881e-17,7.671020263444461307e-09,3.726676085780145087e-12,1.171557209731432462e-16,5.874698649635870518e-14,6.917911576920232619e-08,9.972967505455017090e-01,2.703017089515924454e-03,6.299514865304445266e-08
4.267163011828500885e-11,2.286307195325744710e-17,6.288986664770845891e-09,4.274915924723510230e-12,2.004556673934301163e-16,1.198430189721516603e-13,1.007451615464560746e-07,9.983956217765808105e-01,1.604162272997200489e-03,6.219492831860407023e-08
3.515058036307472378e-11,8.057536568376990672e-18,5.372519762403271670e-09,2.686249660210915380e-12,6.558010319051061254e-17,2.558159948793086585e-14,3.985862306876697403e-08,9.967975020408630371e-01,3.202530788257718086e-03,4.366972206071295659e-08
5.429412128221677847e-11,1.983683664531587067e-17,5.701485061848643454e-09,4.054373156647805843e-12,1.657335634239898029e-16,8.733392156158592545e-14,6.448469491715513868e-08,9.966725111007690430e-01,3.327256068587303162e-03,9.269321310512168566e-08
4.836467684676826195e-11,1.539174174138453608e-17,6.258418672189236531e-09,4.011803909909072985e-12,1.325136856213947919e-16,6.676332663796413769e-14,5.920801626757565828e-08,9.959410429000854492e-01,4.058725666254758835e-03,8.852123301039682701e-08
5.419377099857847213e-11,2.263814169236957760e-17,7.098253540505083947e-09,5.382977483897599669e-12,2.068963206358946042e-16,1.019006114297976717e-13,6.670676100384298479e-08,9.955593347549438477e-01,4.440462682396173477e-03,1.183287210437811154e-07
4.415659157763762721e-11,1.900667487383520188e-17,6.418469311597618798e-09,4.462239605595996750e-12,1.514258666907743862e-16,9.855212755897554966e-14,6.565358745547200670e-08,9.974835515022277832e-01,2.516341861337423325e-03,7.424684156376315514e-08
4.450145807410876841e-11,1.882529898092069951e-17,6.398018115305603715e-09,4.357515216713014894e-12,1.471512222782269536e-16,8.003201644153981609e-14,6.687635334401420550e-08,9.969372749328613281e-01,3.062519244849681854e-03,9.290529590089136036e-08
4.609964840418534493e-11,1.562738233684374218e-17,6.315109768451065975e-09,4.021677955934332971e-12,1.349464304203581468e-16,6.640301237472931439e-14,5.654766255247523077e-08,9.962561130523681641e-01,3.743624780327081680e-03,8.549776708832723671e-08
3.805117332333907143e-11,1.084227484212248557e-17,7.299365556434622704e-09,3.391324764415171167e-12,8.031796692947810578e-17,2.961609703680014027e-14,4.788778440456553653e-08,9.967903494834899902e-01,3.209607442840933800e-03,5.301968641902021773e-08
3.025477091078698777e-11,1.613191949710923631e-17,7.719501482483792643e-09,3.437460168939643346e-12,9.825990484500240108e-17,4.921309535018889014e-14,7.040590332962892717e-08,9.985682964324951172e-01,1.431468524970114231e-03,3.604978360272070859e-08
3.650206525929178270e-11,1.819053050501485670e-17,5.162152927340457609e-09,4.075515966373011167e-12,1.470431064634438226e-16,8.857987314567911108e-14,5.665313551617146004e-08,9.977908134460449219e-01,2.208947204053401947e-03,8.804249773675110191e-08
6.036673938503156478e-11,2.007944541025522348e-17,6.050074219388079655e-09,4.351252864964738620e-12,1.820030281677155817e-16,8.628735475701282409e-14,6.651798400980624137e-08,9.955995082855224609e-01,4.400230944156646729e-03,1.135487082137842663e-07
4.676128234626375502e-11,2.117743833791321199e-17,6.710476174731638821e-09,4.104239951369104134e-12,1.604967292880308876e-16,9.176658727610281785e-14,7.974456650572392391e-08,9.979320764541625977e-01,2.067799447104334831e-03,6.574941124881661381e-08
5.675229036716800124e-11,2.120607036763612249e-17,8.034643173004951677e-09,4.761723133850370715e-12,1.642427457321528317e-16,8.145907722228312720e-14,8.919534622009450686e-08,9.976587295532226562e-01,2.341021550819277763e-03,7.216993225256373989e-08
2.854441336075375091e-11,1.417151964333203688e-17,7.306018012798176642e-09,3.290143331391437442e-12,9.574130531590094241e-17,5.201521925310946537e-14,7.235448862275006832e-08,9.988240599632263184e-01,1.175802317447960377e-03,3.103706447404874780e-08
3.370702675309367180e-11,2.232170540339864197e-17,8.423580055705315317e-09,4.594932941082152666e-12,1.485801668602449582e-16,7.905506219270386215e-14,9.278782187038814300e-08,9.988646507263183594e-01,1.135238446295261383e-03,4.345552540030439559e-08
2.811591758022924381e-11,1.438384698040704845e-17,7.359233666903719495e-09,3.484056793068290858e-12,1.017220792250104490e-16,5.405890646692675106e-14,7.020077674724234384e-08,9.986277818679809570e-01,1.372029888443648815e-03,3.652716173974113190e-08
6.307870892285905029e-11,2.277486968454091776e-17,6.096488647244768799e-09,5.109982315759653559e-12,2.466575559574487589e-16,1.356036051676501319e-13,7.616714015057368670e-08,9.958575367927551270e-01,4.142243880778551102e-03,1.545840007111110026e-07
5.807279657155106634e-11,2.053616325930902707e-17,8.144816376898234012e-09,5.202721066466242661e-12,1.592898661568711198e-16,9.208284227355326146e-14,8.576414955996369827e-08,9.964993000030517578e-01,3.500427352264523506e-03,9.087312236033540103e-08
3.421950570126064406e-11,2.125999758049090457e-17,7.230279042147458313e-09,3.960454793977552512e-12,1.335079302479039295e-16,8.115459259466772934e-14,7.383879108147084480e-08,9.985184073448181152e-01,1.481481129303574562e-03,4.642072681804165768e-08
3.995170513859669370e-11,1.468722043314454667e-17,6.950617859047270031e-09,3.360222473533513998e-12,1.138761682200522055e-16,5.059906486859500063e-14,7.071452756690632668e-08,9.980925917625427246e-01,1.907196012325584888e-03,4.989177071479389269e-08
5.152549914511084239e-11,1.595882368212638973e-17,5.754145604441873729e-09,4.312313527099487231e-12,1.503425644907953394e-16,7.533858655201300381e-14,6.124243157046294073e-08,9.959736466407775879e-01,4.026162438094615936e-03,9.471872175481621525e-08
3.941786480554654304e-11,1.117730945998606347e-17,5.064101582519242584e-09,3.052186108021270883e-12,8.943276274342852367e-17,3.744979993431860055e-14,3.720876406987372320e-08,9.954863190650939941e-01,4.513595718890428543e-03,7.639345511734063621e-08
4.595388999883986969e-11,1.971190424867953669e-17,7.910651689257974795e-09,4.065591179686078860e-12,1.488892941813233753e-16,8.231215459664903422e-14,8.038770715756982099e-08,9.975922703742980957e-01,2.407528692856431007e-03,6.778368799587042304e-08
4.717502777307203132e-11,1.521365802730799475e-17,5.535634173270409519e-09,3.483638724710580448e-12,1.362761265637595890e-16,6.370826853259806133e-14,5.903622835035093885e-08,9.972309470176696777e-01,2.768806181848049164e-03,7.748423058728803881e-08
3.426854633392650840e-11,1.446984563997173653e-17,6.750950021228163678e-09,3.661744518712595209e-12,1.013775684260494637e-16,4.841257467613421794e-14,5.414279158344470488e-08,9.980058073997497559e-01,1.993975602090358734e-03,4.971569111944518227e-08
5.791468693505663623e-11,1.911414052465686613e-17,5.526485491458288379e-09,4.761223533489289395e-12,1.880884304981456957e-16,1.024397106312753547e-13,5.295030902630060154e-08,9.937615990638732910e-01,6.238236557692289352e-03,1.664095208298022044e-07
4.297449548995579960e-11,1.921335091296525117e-17,7.938403712159924908e-09,4.442700981405200977e-12,1.473347372602055181e-16,8.327752143476654934e-14,8.539733897805490415e-08,9.978189468383789062e-01,2.180874580517411232e-03,6.277701913859345950e-08
3.832822254024037534e-11,1.654926189464429068e-17,7.095538379076060664e-09,3.931196080469989695e-12,1.284642063890291939e-16,6.428008353463049440e-14,6.344494352106266888e-08,9.974664449691772461e-01,2.533348510041832924e-03,6.527002227585398941e-08
5.539466454984598442e-11,2.778713421035903662e-17,9.667674660818192933e-09,5.564433462612594639e-12,2.036226574087649410e-16,1.274130540657170130e-13,1.134621783194234013e-07,9.977720379829406738e-01,2.227768069133162498e-03,9.140038770283354097e-08
3.489986424853874780e-11,2.238745137284558172e-17,8.880762791818597179e-09,4.061639913288672687e-12,1.334309825986017967e-16,8.421227989030208305e-14,1.043597706029686378e-07,9.990284442901611328e-01,9.714182233437895775e-04,3.892624889090257057e-08
5.611232312130454147e-11,2.412870295821665731e-17,7.134763002625277295e-09,4.079068680051811668e-12,1.965883134796139937e-16,1.250256002243224640e-13,8.969765730171275209e-08,9.973605275154113770e-01,2.639193553477525711e-03,9.505834697165482794e-08
4.751392335133886036e-11,2.186499748051218901e-17,7.453314410099665110e-09,4.551109922951157571e-12,1.966969851597687603e-16,1.010847560712659077e-13,8.829250219832829316e-08,9.975199103355407715e-01,2.479847287759184837e-03,8.779341698073039879e-08
3.596234074421111870e-11,1.917473315888760052e-17,6.977627364790350839e-09,3.999852532521330772e-12,1.286599901138531449e-16,7.149389722816215653e-14,6.886612879952735966e-08,9.982970356941223145e-01,1.702804001979529858e-03,5.765383193079287594e-08
5.040266815026228642e-11,2.151264004626052560e-17,7.928947276525377674e-09,4.513714055298656547e-12,1.840235987936111135e-16,8.801784306825335968e-14,8.700413189899336430e-08,9.969762563705444336e-01,3.023487515747547150e-03,9.170084780407705694e-08
3.835782733108139553e-11,1.936587474611390394e-17,8.556711783569426188e-09,4.208708468539379410e-12,1.343094484091331121e-16,7.522515867598028594e-14,8.338165713439593674e-08,9.984616041183471680e-01,1.538280281238257885e-03,4.982927137575643428e-08
4.508666703872954429e-11,1.582725233389370515e-17,6.831700982701249814e-09,4.027896072233971836e-12,1.331980750078864658e-16,7.019096404364127961e-14,6.222403214906080393e-08,9.970297813415527344e-01,2.970031928271055222e-03,7.542201529986414243e-08
4.751823934334709065e-11,1.955386642956760543e-17,6.689990783570465283e-09,4.141111498850991168e-12,1.593610830988894853e-16,9.418373470449631357e-14,8.296648701389131020e-08,9.980711340904235840e-01,1.928738085553050041e-03,7.502534771219870890e-08
3.211979293649136480e-11,7.762891525463152002e-18,5.013184090074673804e-09,2.869773646149709201e-12,6.551767421532001044e-17,2.073505992285836624e-14,2.484146222059280262e-08,9.946034550666809082e-01,5.396457854658365250e-03,6.125273444013146218e-08
4.053136298809434379e-11,2.044688731015740390e-17,8.784682314910696732e-09,4.302966837010924195e-12,1.481643795622615035e-16,8.849911363635609707e-14,8.792481764885451412e-08,9.983709454536437988e-01,1.628875848837196827e-03,5.373464517788306694e-08
3.742731471967353230e-11,1.817464532853138836e-17,7.397686463406216717e-09,3.895350188243273948e-12,1.196496771374355251e-16,8.101443913508324379e-14,7.261999712682154495e-08,9.983123540878295898e-01,1.687482115812599659e-03,5.096655186775933544e-08
4.103473116856548586e-11,2.021141711390438372e-17,7.359897580272445339e-09,3.777310495639563115e-12,1.459110336945486494e-16,8.556764102612621214e-14,8.002518114835766028e-08,9.983122348785400391e-01,1.687589683569967747e-03,5.615416753812496609e-08
4.777524209576000658e-11,1.909736695619551584e-17,5.908109113050841188e-09,4.413221090654451118e-12,1.548418049832631701e-16,8.688287312904122150e-14,5.651566681308395346e-08,9.965740442276000977e-01,3.425756003707647324e-03,9.889829755138634937e-08
5.373209516212895664e-11,2.134391670799563434e-17,7.064345552976192266e-09,4.749840711720798581e-12,1.774353897647569663e-16,1.041915373965231206e-13,7.933864054621153628e-08,9.973638653755187988e-01,2.635902026668190956e-03,8.536311213447334012e-08
4.229593411619880783e-11,2.446987856494782889e-17,7.303505356048844988e-09,4.885233710616443403e-12,1.734433764239066522e-16,1.072569835139543237e-13,7.028152282373412163e-08,9.977818131446838379e-01,2.217943081632256508e-03,8.240048288143952959e-08
4.403382866668970053e-11,2.278163436759037642e-17,9.037008474876984110e-09,4.660238341058775546e-12,1.508528753717364537e-16,9.420576433738850342e-14,1.105764866338176944e-07,9.987673759460449219e-01,1.232455251738429070e-03,4.964916300309596409e-08
4.863400307475451712e-11,2.578371434728417934e-17,7.761374654080555047e-09,4.409471485861127249e-12,1.838789811527572426e-16,1.176187646627704919e-13,9.149849944378729560e-08,9.979652166366577148e-01,2.034638542681932449e-03,7.909583388254759484e-08
6.891304887846061433e-11,1.711771199211930704e-17,6.191368751018444527e-09,4.203281386144785969e-12,1.732366077405479970e-16,7.162600726287951525e-14,5.206493014497937111e-08,9.926614761352539062e-01,7.338318508118391037e-03,1.550544652673124801e-07
3.559467651181869030e-11,1.469741295265242508e-17,8.217285518696826330e-09,3.841761977985136411e-12,1.140569568147317952e-16,5.499538609341110551e-14,7.977074290010932600e-08,9.983281493186950684e-01,1.671726233325898647e-03,4.454882329696374654e-08
3.060638201213272680e-11,1.615344108228664098e-17,7.059653750474126355e-09,3.730921821487598322e-12,1.033526904403688819e-16,5.826146721099254022e-14,6.174125388724860386e-08,9.984063506126403809e-01,1.593445311300456524e-03,4.587511170939251315e-08
3.983796625917079837e-11,1.879797555092684790e-17,7.595234663426708721e-09,3.844676313424777447e-12,1.224585575045389926e-16,7.341412769585123343e-14,6.943140107296130736e-08,9.980455636978149414e-01,1.954220933839678764e-03,6.450066081242766813e-08
3.471220533235452876e-11,1.403234154218631466e-17,7.450323025182115089e-09,3.639436842173271458e-12,1.006944562064235717e-16,5.170083450440655926e-14,6.292847842814808246e-08,9.979357719421386719e-01,2.064077416434884071e-03,4.967106903563944797e-08
5.164541017066426321e-11,1.895467002872399303e-17,8.205097934421701211e-09,4.342735372697692497e-12,1.289936813904019367e-16,6.265077161487359048e-14,7.990790606982045574e-08,9.974901676177978516e-01,2.509660087525844574e-03,6.615052683400790556e-08
3.239760543172209850e-11,1.156650207409532576e-17,6.873942304252977920e-09,3.162791209487814115e-12,7.660730087601422787e-17,3.950789687263457639e-14,5.026851823686229181e-08,9.981043338775634766e-01,1.895631314255297184e-03,3.667300418896957126e-08
3.598952039163272332e-11,1.403533428164253151e-17,6.105447258875074112e-09,3.427938054939572154e-12,9.901009148613899294e-17,5.336131384849063242e-14,5.213908238488329516e-08,9.975206255912780762e-01,2.479345537722110748e-03,5.153449222916606232e-08
4.413086562848889116e-11,1.653492023718384628e-17,6.353735759745404721e-09,4.048221827201992085e-12,1.326152898703959054e-16,6.700275235896682724e-14,5.594133156705538568e-08,9.968415498733520508e-01,3.158282954245805740e-03,7.611134122953444603e-08
4.605447273542395692e-11,1.660628772607369640e-17,5.790662171989424678e-09,4.003913520178592478e-12,1.389160238578858236e-16,6.936051261336242946e-14,5.463836671992794436e-08,9.966894388198852539e-01,3.310287836939096451e-03,8.513196547710322193e-08
3.443725166141220484e-11,2.044977086177276375e-17,8.705336007608366344e-09,4.200355341321682090e-12,1.379590486810558752e-16,8.851599330892898077e-14,1.081703970839953399e-07,9.990223646163940430e-01,9.775067446753382683e-04,3.647301127784885466e-08
4.096858963187344216e-11,1.690203953664713103e-17,7.466512741416408971e-09,3.803273234542769998e-12,1.274554033837391230e-16,5.878261609025201007e-14,7.481984454216217273e-08,9.979396462440490723e-01,2.060126978904008865e-03,5.422632298746066226e-08
3.901347994661463758e-11,1.047897546272797071e-17,5.751194187553210213e-09,3.282819762556732357e-12,8.842618319962499535e-17,3.313458042013620042e-14,4.633263728237579926e-08,9.963669776916503906e-01,3.632990643382072449e-03,5.954291637522146630e-08
5.933074864739040777e-11,2.211936048195592034e-17,6.702908006417374054e-09,4.567615383144207897e-12,2.085013024871536940e-16,1.152567218097935720e-13,7.873173046846204670e-08,9.965081810951232910e-01,3.491613315418362617e-03,1.051876452606848034e-07
4.113086607415716855e-11,1.462037100476046118e-17,7.196579332457986311e-09,3.859568914466038336e-12,1.102733003440162381e-16,5.787266553567566030e-14,7.130616808126433170e-08,9.979940652847290039e-01,2.005807589739561081e-03,5.064790542519403971e-08
4.562369232408158837e-11,1.662643784579548816e-17,6.964954391008859602e-09,4.214849823325206302e-12,1.197270218334316834e-16,6.093667508522832010e-14,6.717095146768770064e-08,9.972063899040222168e-01,2.793422201648354530e-03,6.287096709911565995e-08
1.842177625721586054e-11,6.653656386099955291e-18,6.435728394649231632e-09,2.270233480372585433e-12,4.253122827370027926e-17,2.241917148617083438e-14,3.741184428918131744e-08,9.986769556999206543e-01,1.323037547990679741e-03,1.870530752512422623e-08
3.518326602280907878e-11,1.794746513637737463e-17,7.951775238268510293e-09,3.984290761899211830e-12,1.082742297966021847e-16,6.390303867662150417e-14,8.236793291871435940e-08,9.987640380859375000e-01,1.235842006281018257e-03,3.840318285597277281e-08
3.463295969452495626e-11,1.542650152508523941e-17,6.960067633343669513e-09,3.696612894260598026e-12,1.046864232251595828e-16,6.879408474087453373e-14,6.638268956749016070e-08,9.983273148536682129e-01,1.672519021667540073e-03,4.525325891790998867e-08
3.745626378504063325e-11,1.956125315243770397e-17,7.432342297164495903e-09,4.100054930983310086e-12,1.317541220608342990e-16,8.040197332784618234e-14,8.303868526127189398e-08,9.986310601234436035e-01,1.368801109492778778e-03,4.317466206771314319e-08
5.306116310221931087e-11,2.070405776260014020e-17,6.723244183604037971e-09,4.322388801047960527e-12,1.987766760384046820e-16,1.013183609818550657e-13,6.985607114984304644e-08,9.960487484931945801e-01,3.951009362936019897e-03,1.246997101134184049e-07
3.173199203398979762e-11,1.710032300128221729e-17,9.629705921554432280e-09,3.790055942698433711e-12,1.092687788255767417e-16,6.421948340945213274e-14,8.595412026579651865e-08,9.988742470741271973e-01,1.125597627833485603e-03,3.479258481320357532e-08
2.698809578594030256e-11,1.353307517678400843e-17,7.960077041957447364e-09,3.170126487705982044e-12,9.281967030513914654e-17,4.399441694193789720e-14,6.701641552808723645e-08,9.988614320755004883e-01,1.138397376053035259e-03,3.049943231303586799e-08
3.714774668428511006e-11,1.853636148423347673e-17,8.855156607978642569e-09,4.096636658373897788e-12,1.207708708269144009e-16,6.799600352170795392e-14,9.255840893729327945e-08,9.985561966896057129e-01,1.443589222617447376e-03,4.226952654562410316e-08
3.730229319875988381e-11,1.147329618985346315e-17,5.976708461474800060e-09,3.060913284988475702e-12,8.308699704339121868e-17,3.746987800330031648e-14,4.182966861776549194e-08,9.965938925743103027e-01,3.406027331948280334e-03,6.490147086424258305e-08
