8.996277681139197568e-12,1.218328433476181553e-17,1.584391817743835418e-08,2.152166249033693468e-12,3.809733504962413777e-17,2.150079634190109334e-14,1.391714903320462327e-07,9.999176263809204102e-01,8.218729635700583458e-05,2.702500889739667400e-09
1.130607673455186202e-11,9.659270081370584742e-18,1.625303802654798346e-08,2.285967855980564067e-12,2.999652700904327312e-17,1.769229057149105527e-14,1.072260715773154516e-07,9.998608827590942383e-01,1.389439421473070979e-04,3.796758907270714190e-09
1.081982507061818310e-11,1.155155492042649255e-17,1.854085773800306924e-08,2.243584875175064219e-12,3.446355708845828889e-17,2.365125544685157261e-14,1.638608608800495858e-07,9.999221563339233398e-01,7.758883293718099594e-05,2.443851565558929906e-09
9.965415645463160388e-12,8.274999042694731436e-18,1.575756769511826860e-08,1.906712635002527634e-12,2.843827424494852895e-17,1.606469135235349954e-14,1.068684625238347508e-07,9.998751878738403320e-01,1.246659521711990237e-04,2.440857960195330634e-09
8.844996783607950164e-12,7.936145331942996202e-18,1.524952963904979697e-08,1.761414039798403497e-12,2.728020318940081404e-17,1.525334898536470640e-14,1.152788229319412494e-07,9.999113082885742188e-01,8.855588384903967381e-05,2.274439525606908319e-09
9.728978039857949511e-12,1.152851463164444051e-17,1.696622398128511122e-08,2.177093574862176695e-12,3.278272608375053666e-17,1.994308750530738444e-14,1.481176497009073501e-07,9.999245405197143555e-01,7.527302659582346678e-05,2.559802370072361555e-09
8.924943249721817295e-12,9.293818378022206903e-18,1.561049067788644606e-08,1.984867565446579718e-12,3.082693693470770781e-17,1.833279147521633956e-14,1.240072862174201873e-07,9.999122619628906250e-01,8.755223097978159785e-05,2.374926699744150937e-09
1.087723487669389755e-11,1.028025359236823134e-17,1.754323974978433398e-08,2.200544651012603659e-12,3.148041292734704989e-17,1.817423198968801806e-14,1.124175597055909748e-07,9.998660087585449219e-01,1.338490401394665241e-04,3.111971569325078235e-09
1.604465345306227420e-11,1.249798271726577725e-17,1.487795486809773138e-08,2.567166748276838995e-12,4.888144089671066933e-17,2.784377546236060930e-14,1.388239496691312524e-07,9.998043179512023926e-01,1.955241605173796415e-04,5.850723017175596397e-09
8.379426492954866745e-12,9.808403301188382654e-18,2.076618876856173301e-08,1.813848333684364711e-12,2.875206355595929489e-17,1.639001807266903671e-14,1.586635391959134722e-07,9.999387264251708984e-01,6.106215732870623469e-05,1.599436139088084019e-09
9.529133558616731392e-12,8.977292753545115545e-18,1.691273254778025148e-08,1.906153620362394108e-12,2.705538046199257643e-17,1.593199347677074634e-14,1.181010347295341489e-07,9.998985528945922852e-01,1.013446308206766844e-04,2.254443742799594474e-09
1.163740544901648022e-11,1.360144082723090361e-17,1.947389094425489020e-08,2.339230371906086958e-12,4.034515204212268751e-17,2.529694220754479667e-14,1.714067963121124194e-07,9.999096393585205078e-01,9.005895117297768593e-05,2.907488916292777503e-09
9.684963768463727973e-12,8.622687042388533005e-18,1.431000384854996810e-08,1.894202242974651895e-12,3.034664940127981825e-17,1.618978117800401462e-14,9.659837019171391148e-08,9.998725652694702148e-01,1.273085945285856724e-04,2.770207840896432572e-09
1.430023374021649474e-11,8.152338911201080621e-18,1.226681778376814691e-08,2.268913355807367083e-12,3.730834702031390849e-17,2.043766496101148689e-14,1.216632767864211928e-07,9.997499585151672363e-01,2.498637186363339424e-04,4.955127419492555418e-09
1.042971698589356677e-11,9.426570112989004655e-18,1.653772407905762520e-08,2.128899053571720046e-12,3.234407882235856651e-17,1.841416254232727118e-14,1.386031556194211589e-07,9.999043941497802734e-01,9.547561057843267918e-05,2.545572863610345848e-09
9.073144145721467879e-12,8.127894896919526100e-18,1.561973661523552437e-08,1.987968383659888261e-12,2.791067528920505641e-17,1.386887617417639426e-14,1.127130246914020972e-07,9.999016523361206055e-01,9.820993000175803900e-05,2.571709067922256509e-09
1.211975398512921132e-11,1.180050319758045176e-17,1.521688908212581737e-08,2.407956212896467107e-12,4.542079845519706957e-17,2.665021117198920764e-14,1.363516162200539839e-07,9.998705387115478516e-01,1.293267123401165009e-04,4.116857521552219623e-09
1.199799894852082716e-11,9.361361810940224378e-18,1.475846111986811593e-08,2.377422911314930332e-12,3.300974083978203979e-17,1.798912987972453581e-14,1.098755859629818588e-07,9.998255372047424316e-01,1.743347529554739594e-04,4.401415676369424546e-09
1.335572537980445063e-11,1.540623063699401491e-17,1.743257094233285898e-08,2.810436779132619023e-12,5.370086976940797617e-17,3.800551792222141290e-14,1.969604426221849280e-07,9.999102354049682617e-01,8.955233352025970817e-05,4.299116174166783821e-09
1.047517281249632504e-11,1.296691223370270119e-17,1.700430374285133439e-08,2.285339235560956972e-12,4.448223301008010140e-17,3.166286745054543161e-14,1.412780932241730625e-07,9.999024868011474609e-01,9.741730173118412495e-05,3.484313282342554885e-09
9.236405910939549102e-12,6.478505440885220723e-18,1.215223566219947315e-08,1.735396548685486096e-12,2.407460700051691440e-17,1.222554670617537892e-14,7.005878899235540302e-08,9.998237490653991699e-01,1.761268649715930223e-04,2.883459693237000465e-09
9.581151844129109918e-12,1.274824373005185811e-17,1.811176986166174174e-08,2.192932901240451926e-12,3.654790003085920888e-17,2.511681556911348617e-14,1.571435603864301811e-07,9.999314546585083008e-01,6.838580884505063295e-05,2.141095523100489117e-09
1.479306781237976764e-11,1.251071468125419345e-17,1.443955266466900866e-08,2.464773177224266476e-12,5.002935251997500795e-17,3.592655009208509109e-14,1.539945913009432843e-07,9.998764991760253906e-01,1.233191578648984432e-04,4.460011471252300908e-09
1.212340904749309445e-11,1.514529982148661255e-17,2.263857190598628222e-08,2.544138510973681377e-12,4.064254994211510266e-17,2.950135117750149472e-14,2.280654598507680930e-07,9.999297857284545898e-01,6.999086326686665416e-05,2.482080985188872546e-09
1.146433642462696412e-11,1.216728831607626508e-17,1.745636346583978593e-08,2.358559311396724034e-12,4.145481483386257414e-17,2.582538742861191505e-14,1.610458468803699361e-07,9.999046325683593750e-01,9.523937478661537170e-05,3.141205962009507857e-09
9.492185683301901378e-12,7.664407401732588527e-18,1.413880390543909016e-08,1.874187654030134986e-12,2.934818946236911045e-17,1.526631536572127523e-14,1.222603316364256898e-07,9.998912811279296875e-01,1.085814656107686460e-04,2.564423118300851456e-09
1.110011908778130163e-11,1.195464582318787080e-17,1.703808116815253015e-08,2.353760849421737689e-12,3.585455062397236066e-17,2.299930773987709370e-14,1.457375589097864577e-07,9.998974800109863281e-01,1.023694130708463490e-04,2.918209451863162940e-09
8.765208177330396921e-12,7.714397234871618202e-18,1.499787849468248169e-08,1.805938319894562216e-12,2.741216496688262365e-17,1.264744873500506239e-14,1.127865800754079828e-07,9.998998641967773438e-01,9.999341273214668036e-05,2.359078044023021903e-09
1.104956230679743356e-11,1.117975543305738277e-17,1.728246523668985901e-08,2.270424083114508385e-12,3.813587174000175823e-17,2.261833264899284351e-14,1.338324011612712638e-07,9.998834133148193359e-01,1.164773275377228856e-04,3.442800267094980882e-09
1.430235964383630431e-11,1.673376783899669371e-17,1.650268366404361586e-08,3.099852839694161588e-12,5.395280582293447691e-17,3.973928933316550616e-14,1.532550442107094568e-07,9.998757839202880859e-01,1.240519195562228560e-04,4.973932821172866170e-09
1.152316957131471753e-11,1.827828609620060741e-17,3.016808491906886047e-08,2.835461899997060442e-12,4.513163265666078215e-17,4.031775523789978000e-14,3.317655909995664842e-07,9.999536275863647461e-01,4.606680522556416690e-05,2.314747948872764027e-09
1.085069794432014234e-11,7.293425995989293698e-18,1.125432902426837245e-08,1.830939913571860700e-12,3.008097884086248703e-17,1.564194737277424530e-14,8.499318226995455916e-08,9.998189806938171387e-01,1.809224777389317751e-04,4.008372300745577377e-09
1.250055267631999811e-11,6.396399906873513472e-18,9.090709518488893082e-09,1.931257454304557974e-12,3.269593829388147300e-17,1.540077845796610639e-14,9.361286146258862573e-08,9.997836947441101074e-01,2.161689917556941509e-04,4.886702154038857771e-09
1.315809353835684092e-11,1.080808829458628149e-17,1.352490741624023940e-08,2.328378375521245047e-12,5.052200805792179039e-17,3.051569346062925348e-14,1.325513920846788096e-07,9.998337030410766602e-01,1.661131827859207988e-04,5.185336604540680128e-09
1.098435838814415533e-11,9.928621595513776932e-18,1.361427948154414480e-08,2.246529351435100352e-12,3.702436268113465324e-17,1.934080472816221419e-14,1.236553401895434945e-07,9.998834133148193359e-01,1.164043787866830826e-04,3.881935217719956199e-09
1.049927332574807082e-11,1.313455692844882331e-17,1.902626856065126049e-08,2.449132910364859583e-12,4.459461045937910552e-17,2.706569099701280900e-14,1.803329610083892476e-07,9.999155998229980469e-01,8.419410005444660783e-05,2.926980657846911527e-09
9.586790562787772529e-12,1.549749181961576535e-17,2.253729824985839514e-08,2.398460553429404563e-12,4.213378122425835031e-17,2.609740867149084459e-14,2.138148715857823845e-07,9.999418258666992188e-01,5.793712625745683908e-05,2.642707386257825419e-09
9.666887949844049643e-12,7.088806327862051242e-18,1.298486296263945405e-08,1.867870224811496449e-12,2.734053608891920677e-17,1.402473955383360532e-14,9.775281029078541906e-08,9.998621940612792969e-01,1.376913860440254211e-04,2.950697020054349196e-09
1.479516682778569958e-11,1.412751694346666602e-17,1.622932899181250832e-08,2.860962118253485009e-12,5.316518098727373502e-17,3.351646014220811820e-14,1.954868764642014867e-07,9.999021291732788086e-01,9.765055438037961721e-05,4.568385669756480638e-09
1.365550034160278869e-11,1.686384860776555774e-17,1.558433027071259858e-08,2.724383219021575542e-12,5.592211441190887244e-17,4.139306695257090329e-14,1.694056521728271036e-07,9.998868703842163086e-01,1.128594303736463189e-04,4.409567821994642145e-09
1.140202082056118726e-11,1.101364267680570886e-17,1.558384710165228171e-08,2.183401679942131857e-12,3.792895085541039325e-17,2.277832362020202478e-14,1.368382243072119309e-07,9.999053478240966797e-01,9.455156396143138409e-05,3.151103600274041128e-09
1.234555253165625643e-11,1.487960940873458006e-17,1.937070237545412965e-08,2.416172730640431254e-12,4.747309972939013547e-17,3.263583048013392329e-14,1.756182115286719636e-07,9.999200105667114258e-01,7.975949847605079412e-05,3.544805116106886089e-09
1.353520073799074908e-11,1.891937919507003066e-17,2.441114510531861015e-08,3.177958547359582830e-12,5.496140368743263462e-17,3.833916081201309278e-14,2.286714675392431673e-07,9.999111890792846680e-01,8.857259672367945313e-05,3.729800912566361148e-09
1.263161623910047382e-11,1.238267787577894795e-17,1.382893888290936957e-08,2.441377395384636273e-12,4.780547082568129263e-17,2.916147073708623416e-14,1.159614484436133353e-07,9.998549222946166992e-01,1.449651754228398204e-04,4.766536054745529327e-09
1.036331871012707850e-11,8.404508229660321320e-18,1.384835179862875520e-08,2.034529445957278249e-12,2.922359290106147300e-17,1.418991606074587741e-14,1.209687638947798405e-07,9.998863935470581055e-01,1.135027996497228742e-04,2.825002898276807173e-09
1.010322468047997191e-11,6.953452282688161665e-18,1.285807105233516268e-08,1.902634950631809652e-12,2.477525048604525522e-17,1.254200583856611081e-14,9.460990213483455591e-08,9.998705387115478516e-01,1.293650857405737042e-04,2.692670086901216564e-09
1.327835064124371911e-11,1.204933732380987865e-17,1.475140187778833933e-08,2.570853035663289710e-12,4.268961350866948279e-17,2.411375745890904920e-14,1.172112291669691331e-07,9.998220801353454590e-01,1.778393780114129186e-04,5.564029237348222523e-09
1.680465315512247315e-11,1.211958729169216963e-17,1.402089822022389853e-08,2.831926099872150715e-12,4.847099718548430721e-17,3.235786476003116308e-14,1.132724136709839513e-07,9.997225403785705566e-01,2.772815059870481491e-04,7.617027897310890694e-09
1.050563542409621576e-11,1.054824935748744911e-17,1.704581897854495764e-08,2.277104720060929566e-12,3.435508062292808485e-17,1.921745132005357043e-14,1.383547214572899975e-07,9.998785257339477539e-01,1.212886636494658887e-04,2.982232460979616917e-09
9.196541965461602075e-12,1.156660547167189489e-17,1.806095006884333998e-08,2.130588891077755953e-12,3.591694982066091085e-17,2.442403918001545549e-14,1.678066183785631438e-07,9.999425411224365234e-01,5.717351086786948144e-05,2.140870147826490211e-09
1.547193796691548329e-11,9.359544495134445376e-18,1.432924623401277131e-08,2.261550105173149028e-12,3.837679967393640328e-17,2.155137606731343664e-14,1.238842912698601140e-07,9.997648596763610840e-01,2.350064751226454973e-04,5.087215537713518643e-09
1.146108988964167352e-11,9.339906400211823946e-18,1.222754253404900737e-08,2.065828194272589791e-12,3.611366329649337147e-17,2.326408346292520996e-14,8.643121418572263792e-08,9.997892975807189941e-01,2.105770108755677938e-04,4.136553766187489600e-09
1.152944493348906363e-11,8.692984159565739509e-18,1.462729581902522114e-08,2.124924585247822684e-12,3.113944246140779146e-17,1.722331722771655582e-14,1.252980865729114157e-07,9.998514652252197266e-01,1.483477972215041518e-04,3.392349290365359593e-09
1.130280244399095579e-11,9.865936194333283388e-18,1.541559768725164759e-08,2.202889780311689805e-12,3.495883975203053975e-17,1.608417988640392648e-14,1.170368548741862469e-07,9.998439550399780273e-01,1.558709627715870738e-04,3.653070290710047630e-09
1.261111007289095198e-11,1.056199544490685533e-17,1.514337455432723800e-08,2.371714153195925157e-12,3.933474430644426378e-17,2.297987680406708005e-14,1.186534817065876268e-07,9.998266100883483887e-01,1.732542732497677207e-04,4.349511417700568927e-09
1.145352996473336660e-11,1.270482915560201245e-17,1.702142782278315281e-08,2.449192541484346286e-12,4.860422289494209785e-17,3.164890157131110271e-14,1.691411881665771944e-07,9.998999834060668945e-01,9.970755490940064192e-05,3.381628532750369232e-09
1.037968669348465767e-11,1.070374855929945513e-17,1.888933631732925278e-08,2.296840669047117700e-12,3.241553068367089704e-17,1.865230416138192321e-14,1.677789072118684999e-07,9.999099969863891602e-01,8.971420902526006103e-05,2.430731171898514731e-09
1.078624255884674810e-11,1.268008322039687608e-17,2.146061106600427593e-08,2.572509262901978566e-12,3.794233463772150124e-17,2.373839819646509502e-14,1.596400664993780083e-07,9.998996257781982422e-01,1.001449345494620502e-04,3.024000605478249781e-09
1.029012292041997512e-11,1.121196584611019767e-17,1.695382856325977627e-08,2.192051228033786714e-12,3.828048607213317895e-17,2.380331988374034813e-14,1.456611329331281013e-07,9.999146461486816406e-01,8.520775736542418599e-05,2.637307927599863433e-09
1.129266732208256130e-11,9.872895264826692010e-18,1.357010326330509997e-08,2.169952368832883671e-12,3.657271214051334950e-17,2.418742052619996669e-14,1.161040685815351026e-07,9.998776912689208984e-01,1.221550046466290951e-04,3.630832745571410669e-09
1.095275693058228583e-11,8.755855676384057483e-18,1.467184240766528092e-08,1.960427913755280471e-12,3.133798896947766958e-17,1.738750270608054038e-14,1.046967028628387197e-07,9.998557567596435547e-01,1.441435306333005428e-04,3.301622752971411501e-09
1.184934789177916059e-11,1.541614356945485040e-17,2.108324537175576552e-08,2.605877319483695942e-12,4.367559294649799050e-17,3.036139793895741013e-14,2.524201931919378694e-07,9.999431371688842773e-01,5.664979107677936554e-05,2.357097628191695549e-09
1.303609824254703398e-11,1.030735699231914384e-17,1.462844156918663430e-08,2.141394700450049982e-12,3.884409716302476010e-17,2.513939407935549680e-14,1.411233228054697975e-07,9.998744726181030273e-01,1.253798109246417880e-04,3.368294532180016176e-09
9.477546351888133103e-12,1.153443972637215785e-17,1.677689098755763553e-08,2.269700703425026056e-12,3.396710313713866296e-17,2.162364322430727903e-14,1.509174438751870184e-07,9.999195337295532227e-01,8.029874879866838455e-05,2.530831100244768095e-09
9.483689007716566977e-12,1.064654819276080071e-17,1.808927407864757697e-08,1.956536061636926505e-12,2.920871688492531935e-17,1.920210477711521702e-14,1.446254174197747489e-07,9.999189376831054688e-01,8.091560448519885540e-05,2.099276308342723496e-09
1.143431876959866145e-11,8.457736474897496097e-18,1.365280688503389683e-08,1.953806040566608004e-12,3.262616064612894979e-17,1.607885035509980243e-14,8.754181379799774732e-08,9.997681975364685059e-01,2.316815371159464121e-04,4.098331007895694711e-09
1.682235427347134049e-11,1.045198207779852775e-17,1.353475731491471379e-08,2.720129893898914908e-12,3.991368801717012785e-17,2.327855247973020791e-14,1.094002612944677821e-07,9.997168183326721191e-01,2.830720040947198868e-04,6.260471252517163521e-09
1.058180539720288138e-11,9.110843544983639522e-18,1.495179269284108159e-08,2.073646376138382763e-12,3.068292479006222569e-17,1.635286043133888506e-14,1.132779061663313769e-07,9.998644590377807617e-01,1.354111154796555638e-04,3.006984883313634782e-09
1.393197623239528227e-11,1.211274981674880630e-17,1.593304155278474354e-08,2.608475284729405708e-12,4.526931190653655829e-17,2.621640324805291772e-14,1.409580079325678525e-07,9.998181462287902832e-01,1.818110176827758551e-04,4.732743086321988812e-09
9.118511501426951327e-12,9.214186527632339482e-18,1.787099179750839539e-08,1.960323396665852869e-12,2.753609316625531825e-17,1.619822101429045647e-14,1.237319082747490029e-07,9.999092817306518555e-01,9.057037095772102475e-05,2.091191442232798181e-09
8.585369394575881330e-12,6.678522676084218133e-18,1.375645286572080295e-08,1.635146662168351916e-12,2.324799548822532321e-17,1.220364836339001349e-14,9.511679621709845378e-08,9.998886585235595703e-01,1.112501777242869139e-04,1.947696448567626248e-09
1.147372474807895060e-11,1.364367749648847376e-17,1.858727749493027659e-08,2.530756637239561790e-12,4.363395929190697152e-17,2.300773063550459047e-14,1.420658719553102856e-07,9.998821020126342773e-01,1.178161328425630927e-04,3.793951375286042094e-09
1.168115864452756725e-11,1.036921273134524670e-17,1.270288940702357650e-08,2.106390582790051980e-12,4.029842957240324230e-17,2.203446097998919273e-14,1.280766781519560027e-07,9.998648166656494141e-01,1.350483653368428349e-04,3.696222883320388064e-09
9.383919856442712870e-12,8.074467301154726042e-18,1.443714303661636222e-08,1.986923429606046732e-12,3.189775863360455447e-17,1.672274955500947097e-14,1.070125037472280383e-07,9.998717308044433594e-01,1.281597506022080779e-04,3.163348250012631979e-09
1.151949542699259865e-11,9.343612996536674063e-18,1.417162209804700979e-08,2.166832468661339384e-12,3.607717470531243231e-17,1.910277830558838874e-14,1.135081504344270797e-07,9.998540878295898438e-01,1.457235339330509305e-04,3.698066075585870749e-09
1.516627795572489390e-11,1.739347911909346051e-17,1.889511835884150059e-08,2.728322992875953368e-12,5.939524728067202292e-17,3.996782221046650541e-14,1.835699521279821056e-07,9.998499155044555664e-01,1.497970806667581201e-04,5.833628691220837936e-09
1.336012030173083787e-11,9.163746708240080960e-18,1.238090430177862800e-08,2.388325865201879061e-12,4.051324506876081337e-17,1.831445998817186199e-14,9.655347810166858835e-08,9.997720122337341309e-01,2.278198662679642439e-04,5.870296693188947756e-09
1.382210925576776717e-11,1.259966637560569583e-17,1.612165689834910154e-08,2.615515443116223082e-12,5.281679236560110104e-17,3.123654899192876422e-14,1.664656110733631067e-07,9.998698234558105469e-01,1.299265713896602392e-04,4.954313403970900254e-09
1.390172872650641267e-11,8.679249652674909037e-18,1.068848298757529847e-08,2.232634866913829619e-12,4.219181621603507073e-17,1.830369081128047082e-14,8.526532724317803513e-08,9.997122883796691895e-01,2.876161888707429171e-04,6.947252995104236106e-09
1.479769952406062572e-11,1.096361313899727664e-17,1.224770596053303962e-08,2.476356359554232611e-12,4.851528774420284652e-17,2.422595036090467030e-14,9.448768167885646108e-08,9.997165799140930176e-01,2.832477330230176449e-04,6.887409753630890918e-09
9.727691742400512709e-12,8.583583733291313728e-18,1.478972944113365884e-08,1.873173057637123051e-12,2.866993444730012988e-17,1.767343731215106906e-14,1.232388768812597846e-07,9.999048709869384766e-01,9.501432214165106416e-05,2.229659568087072330e-09
9.964025264597164977e-12,9.180418533486087233e-18,1.524772308414412691e-08,2.123252745497850036e-12,3.032837863590974697e-17,1.812561738071330475e-14,9.086013363912570640e-08,9.998501539230346680e-01,1.497134217061102390e-04,3.360723699330492309e-09
1.088703346224795254e-11,7.637232037068383909e-18,1.234622448720301691e-08,2.036425715556955396e-12,3.078527019289218670e-17,1.793630890513375764e-14,1.170067491784720914e-07,9.998832941055297852e-01,1.165403155027888715e-04,2.884604999309203777e-09
1.419312670863925874e-11,1.111536024955074212e-17,1.359630719122151277e-08,2.321635505370123198e-12,4.682045091736334642e-17,2.525430765117769871e-14,1.123280739534493478e-07,9.998174309730529785e-01,1.824779174057766795e-04,5.564417371317631478e-09
1.424251428600031844e-11,1.269845490180167882e-17,1.229871582353325721e-08,2.612203639160148860e-12,5.629515301583558665e-17,4.123316407278823648e-14,1.126894915159937227e-07,9.998025298118591309e-01,1.973680336959660053e-04,6.662863594186774208e-09
1.145789192691371028e-11,9.317784281909705774e-18,1.411921868310628270e-08,1.994199510385596952e-12,3.691361312328115347e-17,2.167039774892982190e-14,1.135123071094312763e-07,9.998249411582946777e-01,1.749418734107166529e-04,3.956373006985813845e-09
1.242455183875224023e-11,1.524759063039614505e-17,1.807054239577610133e-08,2.618488108632743838e-12,5.228282411914097019e-17,3.298485548824774127e-14,1.801799811573800980e-07,9.998975992202758789e-01,1.021363641484640539e-04,4.153145827245907640e-09
1.253964120040418351e-11,7.445939075789983282e-18,1.387042569689356242e-08,2.016553373937468585e-12,2.831686067463799555e-17,1.344884270002835377e-14,9.479474982754254597e-08,9.997891783714294434e-01,2.107300679199397564e-04,3.641274393118010266e-09
1.081576841976961134e-11,7.917610695957520510e-18,1.310423503042557059e-08,1.885905060589054827e-12,2.904040548260547949e-17,1.592518163780892726e-14,1.077985203323805763e-07,9.998543262481689453e-01,1.455656456528231502e-04,3.210467447445353173e-09
1.111362911421220900e-11,1.498801639109332965e-17,1.815766736967816541e-08,2.536574032416250013e-12,5.040566014168253173e-17,3.515888413198851870e-14,1.946524434970342554e-07,9.999237060546875000e-01,7.607336738146841526e-05,3.250359092987764598e-09
9.927184074776107536e-12,1.107557451644816660e-17,1.756187018031596381e-08,2.228610742130432421e-12,3.745675314837327229e-17,2.062018531455173803e-14,1.763085037964629009e-07,9.999281167984008789e-01,7.166802242863923311e-05,2.506272078761639932e-09
7.850833698419545925e-12,1.491357179032478227e-17,3.053544261888418987e-08,2.145635231987075286e-12,3.835782415068443682e-17,2.331938624405144322e-14,2.544873893839394441e-07,9.999721050262451172e-01,2.764063356153201312e-05,1.445021102775001509e-09
9.154149660517418852e-12,9.688376085584488127e-18,1.762916745917664230e-08,1.942358166667768060e-12,2.894324153913255065e-17,1.690892739681596618e-14,1.195332259840142797e-07,9.999094009399414062e-01,9.041969315148890018e-05,2.170732482653647821e-09
1.030502159299340192e-11,1.726327261887148842e-17,2.878396010430606111e-08,2.763246662734752945e-12,4.380404086073767485e-17,3.125562417390093106e-14,2.704875896597513929e-07,9.999576807022094727e-01,4.199798786430619657e-05,2.062419346415822474e-09
1.077187731374218416e-11,1.134141299452984608e-17,1.368540214485847173e-08,2.497703866649603199e-12,4.693949875112197816e-17,2.938798767597276818e-14,1.713543440473586088e-07,9.999231100082397461e-01,7.664957956876605749e-05,3.677584459182980936e-09
8.298276996110409698e-12,8.940058045451653557e-18,2.045062963418331492e-08,1.786776239118270659e-12,2.564841903193378102e-17,1.183924377805289918e-14,1.257363493323282455e-07,9.999232292175292969e-01,7.665067823836579919e-05,1.862117460227352694e-09
1.044827419027782867e-11,1.065110513075535534e-17,1.768849244854209246e-08,2.156184735965793742e-12,3.101601718784752909e-17,1.793210423358358729e-14,1.377627825149829732e-07,9.999043941497802734e-01,9.550375398248434067e-05,2.687635225484541479e-09
7.748781651051306341e-12,1.397544640529369231e-17,2.739729332290607999e-08,2.151771382602474247e-12,3.638295690799368495e-17,2.378350100684049201e-14,3.098534762102644891e-07,9.999781847000122070e-01,2.141937147825956345e-05,1.156541196145610684e-09
8.958489332300256791e-12,1.135182719844188870e-17,2.129147524954078108e-08,2.139544401022486220e-12,2.930399485660162729e-17,1.967316521007175106e-14,2.164912586977152387e-07,9.999560117721557617e-01,4.375780554255470634e-05,1.519222414536613996e-09
9.298734525431395781e-12,1.251444692017803271e-17,2.085429606779598544e-08,2.183003127223526185e-12,3.608598914191979738e-17,2.454881899160727549e-14,2.075318121796954074e-07,9.999496936798095703e-01,5.003275146009400487e-05,1.786052750141209344e-09
1.072044623212642378e-11,1.156723661047927285e-17,1.461603815755552205e-08,2.232708592661558633e-12,4.581916532948015748e-17,2.711191697307626519e-14,1.675578147342093871e-07,9.999130964279174805e-01,8.671311661601066589e-05,3.260196779208968110e-09
8.618545113692199777e-12,1.247721965671008370e-17,1.966226292893225036e-08,2.190895251677482669e-12,3.787135592371955104e-17,2.690407372254489948e-14,1.533746001314284513e-07,9.999421834945678711e-01,5.770703501184470952e-05,2.311526969833721523e-09
8.381043255234477130e-12,7.152712647626673054e-18,1.838618324256913183e-08,1.707375885638684476e-12,2.290658496220018657e-17,1.092221287507045072e-14,1.284618775798662682e-07,9.999104738235473633e-01,8.941999112721532583e-05,1.943156302530724133e-09
1.020600791379333572e-11,8.451745205720774518e-18,1.383730285908768565e-08,2.013853060006676188e-12,3.418934340667451001e-17,1.895673966108638031e-14,1.255590547089013853e-07,9.998949766159057617e-01,1.049071724992245436e-04,2.849509517233173028e-09
1.368351872782502809e-11,1.329459569746252034e-17,1.716228403836339567e-08,2.897285709957397870e-12,5.035101659041727872e-17,2.704461512321922750e-14,1.337196238182514207e-07,9.998194575309753418e-01,1.804775965865701437e-04,5.383814727366598163e-09
9.400312125928955709e-12,1.043306611155066512e-17,2.024069267747563572e-08,1.790703327807230405e-12,2.860022297399661092e-17,1.915898402383639509e-14,1.640843692030102829e-07,9.999233484268188477e-01,7.636722148163244128e-05,1.624403389577366852e-09
1.099203020271666276e-11,1.325447991929553615e-17,1.903723756413455703e-08,2.474583689002218811e-12,3.968636224122830479e-17,2.513602627635721370e-14,1.832308527127679554e-07,9.999178647994995117e-01,8.183630416169762611e-05,2.981092928067141656e-09
1.096589312410412020e-11,5.597278501469203326e-18,9.691845548331912141e-09,1.696131516487620061e-12,2.469022789960337972e-17,9.881989500239336810e-15,5.919550360999892291e-08,9.996830224990844727e-01,3.169033152516931295e-04,4.792186647506468944e-09
1.427646108970170857e-11,1.191152324349425637e-17,1.529010340561853809e-08,2.784668329258721542e-12,4.776424414395164973e-17,2.734338905470423686e-14,1.462868652879478759e-07,9.998314380645751953e-01,1.683851878624409437e-04,4.666892650107001828e-09
1.448839225676179510e-11,1.609032885591007007e-17,1.756666279106866568e-08,2.873851113679992686e-12,6.070620282011546373e-17,4.234184549744939019e-14,1.644995961669337703e-07,9.998538494110107422e-01,1.459325139876455069e-04,5.329044316937370240e-09
1.106800068262359105e-11,8.195823796002993286e-18,1.228731072444588790e-08,1.911553814543109908e-12,3.089109637173977085e-17,1.800469665122917534e-14,7.374074328936330858e-08,9.997902512550354004e-01,2.096532552968710661e-04,4.022817190474370364e-09
1.342691496181158683e-11,8.738533687176584531e-18,1.060314058776157253e-08,2.289900040419734495e-12,4.082754061430646177e-17,2.142115322200256050e-14,8.602902568100034841e-08,9.997065663337707520e-01,2.932368952315300703e-04,6.494612847518510534e-09
1.104256443229534312e-11,9.566945971661703664e-18,1.565425300498191064e-08,2.068088105280918576e-12,3.474330626290127264e-17,1.799771709974379991e-14,1.061119050405068265e-07,9.998621940612792969e-01,1.376322907162830234e-04,3.568859430203019656e-09
1.389289811665195273e-11,1.038504414108889910e-17,1.242461067363365146e-08,2.446337403483322959e-12,4.878676842124275020e-17,2.209345851883134926e-14,1.000502010128911934e-07,9.997044205665588379e-01,2.954039664473384619e-04,7.288687875472987798e-09
1.465106855280673415e-11,1.072092248317728109e-17,1.271423855087050470e-08,2.528224591485939143e-12,4.248642486300195707e-17,2.427604219533939511e-14,1.008376599997973244e-07,9.997660517692565918e-01,2.338377526029944420e-04,6.041984690341450914e-09
1.349487101925950228e-11,1.251271232243350901e-17,1.358828694009162064e-08,2.585143253977517652e-12,5.100400289213398940e-17,3.016242989964737498e-14,1.057359568790161575e-07,9.997386336326599121e-01,2.612077223602682352e-04,6.172357291944763347e-09
1.172899104229241374e-11,7.045535682838789812e-18,1.051070874780180020e-08,2.017238806550913921e-12,3.124614876042713203e-17,1.599965277453152535e-14,7.861252271368357469e-08,9.997437596321105957e-01,2.561675501056015491e-04,4.549385757002255559e-09
1.297388932397502970e-11,1.163842542835681151e-17,1.704370333754923195e-08,2.237089853640572557e-12,4.380766722054310733e-17,2.398310262679507338e-14,1.378622442871346720e-07,9.998383522033691406e-01,1.615112851141020656e-04,4.822219068500999128e-09
1.825679538103308630e-11,1.498050724549257327e-17,1.021249573796012555e-08,2.845260051870246443e-12,7.190581803249963214e-17,4.911645905530254153e-14,1.020294035924962373e-07,9.996591806411743164e-01,3.407095209695398808e-04,1.102663915730772715e-08
1.360632526786753616e-11,1.013904393563807888e-17,1.120156500888924711e-08,2.407566550635675817e-12,4.473931743573913219e-17,2.620203926333337929e-14,1.227949724125210196e-07,9.997907280921936035e-01,2.091971982736140490e-04,5.585173212807603704e-09
1.550376320380575379e-11,1.444347512204354600e-17,1.547967798387617222e-08,2.983557845226414429e-12,5.158063049714470499e-17,3.818077581527190567e-14,1.593613063732846058e-07,9.998494386672973633e-01,1.503728271927684546e-04,5.166571614978465732e-09
1.678981086106201559e-11,1.321782920071453660e-17,1.214583189579343525e-08,2.747084027268642537e-12,6.067956098694635581e-17,3.568533543749780046e-14,9.704436365609581117e-08,9.996590614318847656e-01,3.408063203096389771e-04,8.473417523191528744e-09
1.599777428584747696e-11,9.653179550520356799e-18,1.267985005881655525e-08,2.272054723181926583e-12,4.013253353747205728e-17,2.014686160956014049e-14,1.003552938527718652e-07,9.997259974479675293e-01,2.738793264143168926e-04,6.286685838574612717e-09
1.461365750632381832e-11,1.421851508265362460e-17,1.506796643013785797e-08,2.738393062653998733e-12,5.561408558668392579e-17,3.544017360937630479e-14,1.540802685440212372e-07,9.998452663421630859e-01,1.545582053950056434e-04,5.538608682797985239e-09
1.808723136542678134e-11,1.644787436696366607e-17,1.466674426353620220e-08,3.237380415826995872e-12,6.775738814653799072e-17,4.803396788937049078e-14,1.702525480595795671e-07,9.998019337654113770e-01,1.978728105314075947e-04,7.942733581955963018e-09
1.604401334009963875e-11,1.125877268825212330e-17,1.216835254780335163e-08,2.313515915300379255e-12,4.755787250728701996e-17,3.262583210322453353e-14,1.085296332803409314e-07,9.997891783714294434e-01,2.107543987222015858e-04,5.663193025640111955e-09
1.318611539402603228e-11,7.692630804232897831e-18,1.139477134870503505e-08,2.158585159575676649e-12,3.378633439479377450e-17,1.679791864688060660e-14,7.285678549351359834e-08,9.996417760848999023e-01,3.581018827389925718e-04,6.448264588954089049e-09
1.553860859426769991e-11,1.179584368918994055e-17,1.323165932376468845e-08,2.508691821986874793e-12,4.714617479025202745e-17,2.975280476635519533e-14,1.100567104117544659e-07,9.997693896293640137e-01,2.304554946022108197e-04,6.270934882479650696e-09
1.424602536631569549e-11,7.779384679696846821e-18,9.892070274020170473e-09,2.049682038679501161e-12,3.634530695523272134e-17,1.786965080031663322e-14,6.285507225811670651e-08,9.996218681335449219e-01,3.780002298299223185e-04,7.167229920668205523e-09
1.448439718859662051e-11,1.164236694397562669e-17,1.482968947641438717e-08,2.561157666156055335e-12,4.730251523474699989e-17,2.578767074553657557e-14,1.228714694434529520e-07,9.997573494911193848e-01,2.425353304715827107e-04,5.730236729561966058e-09
1.627530402115162644e-11,1.939377720253654267e-17,1.523243930989792716e-08,3.319938941814815081e-12,6.700549420461708941e-17,5.889417371753719044e-14,1.977412296128022717e-07,9.998735189437866211e-01,1.261966244783252478e-04,5.749130949084246822e-09
1.903497325039804622e-11,1.367106048348642918e-17,1.084902301329293550e-08,2.950043204510977013e-12,7.127226385773301719e-17,3.242538345032269786e-14,1.061095957766156062e-07,9.995906949043273926e-01,4.091619630344212055e-04,1.257975945634370873e-08
1.510325024767222857e-11,8.724674276013258552e-18,9.859919991583865340e-09,2.265907730544802767e-12,4.865249053804579212e-17,2.544304692061669093e-14,7.496415577179504908e-08,9.996185302734375000e-01,3.813722287304699421e-04,8.463174161477127200e-09
2.050380351614755625e-11,2.259187251762581145e-17,1.799397075785691413e-08,3.748998507469014640e-12,9.640775480926756617e-17,7.196611470812463995e-14,2.154535962972659036e-07,9.998168349266052246e-01,1.829664251999929547e-04,9.346943663501861010e-09
1.370445684018006816e-11,1.335117650572237253e-17,1.279197192616265966e-08,2.579823507598000276e-12,5.063769422967100663e-17,3.309795810362871349e-14,1.137359078029476223e-07,9.997977614402770996e-01,2.021539112320169806e-04,6.592407952865642073e-09
1.586221605454074535e-11,1.150958212178432682e-17,1.037758323718662723e-08,2.492226910955075425e-12,5.650581275679569132e-17,2.944589423637886116e-14,9.164986636278626975e-08,9.997000694274902344e-01,2.997783303726464510e-04,8.733819001349729660e-09
1.767089252702191970e-11,1.387756777777151765e-17,1.210437883258919101e-08,2.957217370286313596e-12,6.620365178858778608e-17,4.258307031643204787e-14,1.095728023869924073e-07,9.996830224990844727e-01,3.168090479448437691e-04,1.036158270295572947e-08
1.621528605832978087e-11,1.134638931309496509e-17,1.092776180655619100e-08,2.651863754629668612e-12,5.294043932356552761e-17,2.608691732140615283e-14,1.124552895248598361e-07,9.997324347496032715e-01,2.673749113455414772e-04,7.865899043224544585e-09
1.577444772027369879e-11,1.012703244596319636e-17,1.061924326251073580e-08,2.351528477148590035e-12,4.463077479575992389e-17,2.953070933945332877e-14,1.022457354338257574e-07,9.997115731239318848e-01,2.882203261833637953e-04,6.764643067924680508e-09
1.644750828588836811e-11,1.166526413051170705e-17,1.158812246160323411e-08,2.371722176292001549e-12,5.335699755387988171e-17,2.989318523076954504e-14,1.096215314078108349e-07,9.997232556343078613e-01,2.765781246125698090e-04,6.839842470185431011e-09
1.595107899932113327e-11,1.291549303246517988e-17,1.267016447314972538e-08,2.791976285582142836e-12,6.079708680837788998e-17,3.368430819103603036e-14,1.314575115429761354e-07,9.997782111167907715e-01,2.216628636233508587e-04,8.194168898967291170e-09
1.333579600915069108e-11,1.300193506083819638e-17,1.414314798608984347e-08,2.488565993899460871e-12,5.450806238963927248e-17,3.727498249840068001e-14,1.278317540709394962e-07,9.998226761817932129e-01,1.772093528416007757e-04,6.215194581216110237e-09
1.859536309656295572e-11,1.155525324494521713e-17,1.359085555208139340e-08,2.554943019303368423e-12,4.883611801658766384e-17,2.836499379832175399e-14,1.098132571542009828e-07,9.996701478958129883e-01,3.297227085568010807e-04,9.090421748680910241e-09
1.791179531085429488e-11,1.269938796153263864e-17,1.288239381835865061e-08,2.845128212886072205e-12,5.609948840501984327e-17,3.782141022893800719e-14,1.140906107366390643e-07,9.997005462646484375e-01,2.993410744238644838e-04,8.920515881527535385e-09
1.917789538286029938e-11,1.515102060260302929e-17,1.160277118827934828e-08,3.155837353593926586e-12,7.373607094305896330e-17,4.746141088647626294e-14,1.328847361037333030e-07,9.997124075889587402e-01,2.874555357266217470e-04,1.029752016989959884e-08
1.594825313477876705e-11,1.502837287881856677e-17,1.274885530477831708e-08,2.940131211409680034e-12,6.761455721580723432e-17,4.830736640782165581e-14,1.730833361079930910e-07,9.998584985733032227e-01,1.412927231285721064e-04,6.512670402969433781e-09
1.199978224425413131e-11,1.136344991322887129e-17,1.584390751929731778e-08,2.280308537480624231e-12,4.322749928251066478e-17,2.306851202573366455e-14,1.262111766209272901e-07,9.998387098312377930e-01,1.611786719877272844e-04,4.419088206475407787e-09
1.820922579387485030e-11,1.783008655309487489e-17,1.075232614056176317e-08,3.227080928869252574e-12,8.171780798882404473e-17,6.326945125581170948e-14,1.205163471240666695e-07,9.997166991233825684e-01,2.831505262292921543e-04,1.109723957171127040e-08
1.488128544002709219e-11,1.367946381132935539e-17,1.158318774230338022e-08,2.728391948134123446e-12,5.966847496316563860e-17,4.205051359743895711e-14,1.417583490592733142e-07,9.998389482498168945e-01,1.608637539902701974e-04,6.806470054243618506e-09
1.533765822681054658e-11,1.105245233678547182e-17,1.041694464021247768e-08,2.656272337503429171e-12,5.304220900868915171e-17,3.045445297854276756e-14,9.150067370455872151e-08,9.996769428253173828e-01,3.229896828997880220e-04,9.449308890907559544e-09
1.911725812375753009e-11,1.662163854388145549e-17,1.243266822825717099e-08,3.385736569577746380e-12,7.741853344635723317e-17,4.969993600695277181e-14,1.383307335345307365e-07,9.997251629829406738e-01,2.746643149293959141e-04,1.114988723571741502e-08
1.260934238966893162e-11,7.358898995834090945e-18,1.250338588221211467e-08,2.231027862453771604e-12,3.200147053880645308e-17,1.677184189056643571e-14,8.840818566113739507e-08,9.997265934944152832e-01,2.732924185693264008e-04,5.230611499484894011e-09
1.484656494965541640e-11,1.483287866720900931e-17,1.533035032252882957e-08,2.939397423379341845e-12,5.794256592379619657e-17,4.018380544762098494e-14,1.365613258030862198e-07,9.998224377632141113e-01,1.774118863977491856e-04,6.302264488056152913e-09
1.748201410023408897e-11,9.218990792630047467e-18,1.026519313995777338e-08,2.572216311474972983e-12,4.766887021932428564e-17,2.170148046996226571e-14,8.041294563554401975e-08,9.994959831237792969e-01,5.039024981670081615e-04,1.087976109204191744e-08
2.069009026606227764e-11,1.940836370545830276e-17,1.311396857772706426e-08,3.334924567402475226e-12,8.769757604630868688e-17,5.975959744414227615e-14,1.625339791644364595e-07,9.997175335884094238e-01,2.823601244017481804e-04,1.235449431646884477e-08
2.991823455644748719e-11,1.285208136670686478e-17,1.139879479694627662e-08,3.220205352372218499e-12,6.995587539602632810e-17,3.655486896796296403e-14,1.055703719998746237e-07,9.991635084152221680e-01,8.364129462279379368e-04,1.897706880527039175e-08
2.231412797593090858e-11,1.189459085635529589e-17,8.694129860487009864e-09,3.038029463414693154e-12,6.850167202682340417e-17,3.976165100297301969e-14,8.293090303368444438e-08,9.992979764938354492e-01,7.019130862317979336e-04,1.668365001705751638e-08
1.998516109547043840e-11,1.346931030490413318e-17,1.110168668105870893e-08,3.145125219289335305e-12,6.810805978670127106e-17,4.383157655189415247e-14,1.204811894695012597e-07,9.996234178543090820e-01,3.764574648812413216e-04,1.190162901565372522e-08
1.980909880572312431e-11,1.050948932834443934e-17,1.027135354547681345e-08,2.578654303975191908e-12,5.180811840048658845e-17,2.647052837882225840e-14,9.006004120237776078e-08,9.995352029800415039e-01,4.647478635888546705e-04,1.143134475967144681e-08
2.478796334859367789e-11,1.675566496417219746e-17,1.051375253524611253e-08,3.515305234402799073e-12,8.785236469997450984e-17,5.953054618267755727e-14,1.081407532410594285e-07,9.994631409645080566e-01,5.367460544221103191e-04,1.763727119907798624e-08
2.063296755672183735e-11,1.261817536899218238e-17,1.171022656620834823e-08,3.128640792618431199e-12,6.555772960930227825e-17,4.023860170304476014e-14,1.044689099671813892e-07,9.994801878929138184e-01,5.197048885747790337e-04,1.309004105110034288e-08
1.435507268610081155e-11,1.381499983623800664e-17,1.349990252919042177e-08,2.733241367611216610e-12,5.272287427885183027e-17,4.021752074705349511e-14,1.645616549694750574e-07,9.998791217803955078e-01,1.207075038109906018e-04,4.912758200248390494e-09
1.364566099004704824e-11,1.267209100131838872e-17,1.255385928544683338e-08,2.474526443127511577e-12,5.082724101267630781e-17,3.106597010887890420e-14,1.383997272341730422e-07,9.998527765274047852e-01,1.470835268264636397e-04,5.006942416230231174e-09
2.113012542714898245e-11,1.035639143185067477e-17,8.886526181584031292e-09,2.688936746875203454e-12,5.239585007804021589e-17,2.457593929251246367e-14,6.177408096164072049e-08,9.991582632064819336e-01,8.415973861701786518e-04,1.542498928586155671e-08
2.038170847373788064e-11,1.423864535004071508e-17,1.407736061054265519e-08,3.094794602878647716e-12,5.493406702254898216e-17,3.090496947439659581e-14,1.323954421650341828e-07,9.997113347053527832e-01,2.885723079089075327e-04,9.492337582628351811e-09
1.429152976517578111e-11,1.079261588122847710e-17,1.231750257346675426e-08,2.667935967634593730e-12,5.038967239480310681e-17,2.952592190923544746e-14,1.189012337476924586e-07,9.997896552085876465e-01,2.102135185850784183e-04,6.806251562352372275e-09
2.466242488008418832e-11,1.736335320118427924e-17,9.986588445087818400e-09,3.398979014912484331e-12,8.981196218855753283e-17,6.835711738404498528e-14,1.108112854808496195e-07,9.995546936988830566e-01,4.451105487532913685e-04,1.676917094073360204e-08
1.897085093183203952e-11,1.591227326597435555e-17,1.112183678486644567e-08,3.424224879339243799e-12,7.845064309258659814e-17,5.101248132135909052e-14,1.502965290001156973e-07,9.998002648353576660e-01,1.996436330955475569e-04,8.955844954527947266e-09
1.481159812855015190e-11,6.096333108634695983e-18,8.846785526372968889e-09,1.962306836120197850e-12,3.371999120094457147e-17,1.519765487501684165e-14,5.556670856776690925e-08,9.994387030601501465e-01,5.611020023934543133e-04,8.458181710579992796e-09
1.658090331702055664e-11,1.389796770603830042e-17,1.376926928031707575e-08,2.819149861471581531e-12,5.756461055830846716e-17,3.761873218531899821e-14,1.489506757934577763e-07,9.997937083244323730e-01,2.061578998109325767e-04,6.899433024898371514e-09
2.052424549758846695e-11,1.384572711445251396e-17,1.160764639962508227e-08,3.131757440183458030e-12,7.039088637144551514e-17,4.145372467598967825e-14,1.110717633423519146e-07,9.996022582054138184e-01,3.975723520852625370e-04,1.201129595784777848e-08
1.492228909882875598e-11,1.651017430197870991e-17,1.268066984749793846e-08,2.857169362213696218e-12,7.990384061016465758e-17,4.848472833071312826e-14,1.309211512534602662e-07,9.998134970664978027e-01,1.863728248281404376e-04,7.138491131541968571e-09
2.078625292722957596e-11,3.344969173781939351e-17,1.795101844948021608e-08,4.559153835709262026e-12,1.448140995580747287e-16,1.239137508964385792e-13,3.422162251354166074e-07,9.998970031738281250e-01,1.026453464874066412e-04,9.616188734185016074e-09
1.310464584070025751e-11,1.381310807417709786e-17,1.444237796022207476e-08,2.723864536702258476e-12,5.569539413217543819e-17,3.595655199907683841e-14,1.339074628958769608e-07,9.998223185539245605e-01,1.776404242264106870e-04,6.345989067568780229e-09
1.547641355348350345e-11,1.224349067564648764e-17,1.295707008353019773e-08,2.546469545644525212e-12,5.242152245553141166e-17,3.196422483251956659e-14,1.283820836306404090e-07,9.997851252555847168e-01,2.147625637007877231e-04,6.615690661959661156e-09
1.716335754076148135e-11,1.345214465283243275e-17,1.294382023786511127e-08,2.774501331806455973e-12,6.108654046576734585e-17,4.047403281666819841e-14,1.383303498414534261e-07,9.997596144676208496e-01,2.402501268079504371e-04,7.950172964399371267e-09
1.755863683616798454e-11,2.183813727166136710e-17,1.344334865649443600e-08,3.548666352090612541e-12,8.279661694371570342e-17,7.361496259577701706e-14,1.768653703493328067e-07,9.998733997344970703e-01,1.263840094907209277e-04,8.401023876558610937e-09
1.695989355898763762e-11,1.402196042549877416e-17,1.214445166652922126e-08,2.794213211504414929e-12,6.284158611503335573e-17,3.765173936520760378e-14,1.278275050253796508e-07,9.997265934944152832e-01,2.732152934186160564e-04,8.393208794643669535e-09
1.890025115580673543e-11,1.365248366128971329e-17,1.243225433711359074e-08,2.809212498039448391e-12,6.618934487271306891e-17,4.358380925042690257e-14,1.208753559467368177e-07,9.996347427368164062e-01,3.651410224847495556e-04,9.903165398839064437e-09
1.356910937777566772e-11,1.270930585707714944e-17,1.328058907290596835e-08,2.615542765010969717e-12,5.718296265856630104e-17,3.274139789041612125e-14,1.295008331680946867e-07,9.998174309730529785e-01,1.824923674575984478e-04,6.354303305755593101e-09
2.010046643019514079e-11,1.221655767490176106e-17,1.184707354440206473e-08,2.958757371052112006e-12,6.326540699112592541e-17,3.365932410722381751e-14,1.197448113998689223e-07,9.995589852333068848e-01,4.408465174492448568e-04,9.919901344801473897e-09
1.509365722685007682e-11,1.265759796980584712e-17,1.283747952385283497e-08,2.716077363018598589e-12,5.122666998686591382e-17,3.289981338034340952e-14,1.353805316739453701e-07,9.997879862785339355e-01,2.118713746313005686e-04,6.129569296575709814e-09
2.208463793784698481e-11,2.123009831006956283e-17,1.455451315024447467e-08,3.651557788780790403e-12,9.054336190362182032e-17,6.228336260367256516e-14,1.704594154716687626e-07,9.997116923332214355e-01,2.880412212107330561e-04,1.234116275838914589e-08
2.119621318741327087e-11,1.131664968853184609e-17,8.785796978827420389e-09,2.663619325105059943e-12,5.662157833788371264e-17,3.001686898172761797e-14,7.809202173802987090e-08,9.994731545448303223e-01,5.267041269689798355e-04,1.311729125319516243e-08
1.626138286525691257e-11,1.193049463084316006e-17,1.241551395025908278e-08,2.525673246933646254e-12,5.890681367257171114e-17,2.848812358973232262e-14,1.124995492318703327e-07,9.997330307960510254e-01,2.668592205736786127e-04,7.872553275944937923e-09
1.574600345943810709e-11,1.127297786091149644e-17,1.092044410455628167e-08,2.286270782067556517e-12,5.318301169255792808e-17,2.772967504216777151e-14,1.022115725390904117e-07,9.997263550758361816e-01,2.734586887527257204e-04,7.752740671662650129e-09
1.662380476330493906e-11,1.843130789207801711e-17,1.685016393082605646e-08,2.903699199488518623e-12,7.138508467584034974e-17,5.259008018562022491e-14,2.110858332571297069e-07,9.998753070831298828e-01,1.244604500243440270e-04,5.911692468885121343e-09
2.058082870792787844e-11,2.017611635408307071e-17,1.403886340511917297e-08,3.438818023740464191e-12,9.076382869792435368e-17,6.826609861166482718e-14,1.680152763583464548e-07,9.997099041938781738e-01,2.897817466873675585e-04,1.171906305330594478e-08
1.921405222427008397e-11,1.175377162887426846e-17,1.255158377233556166e-08,2.681905695786634958e-12,5.531332271595964492e-17,3.289560532066145015e-14,1.208135387287256890e-07,9.997363686561584473e-01,2.635132404975593090e-04,8.209140922588176181e-09
1.618225692334718246e-11,1.574770237438448048e-17,1.186260512042736082e-08,3.128564898466357214e-12,6.681622866302005625e-17,4.833785959392281062e-14,1.490174099672003649e-07,9.998143315315246582e-01,1.855849695857614279e-04,7.885290642661857419e-09
1.719578472669791580e-11,1.529154700814721295e-17,1.304448460359708406e-08,2.816966278296195725e-12,6.530440720106913863e-17,3.718930680985180204e-14,1.254967116892657941e-07,9.997321963310241699e-01,2.677070442587137222e-04,8.428163056350967963e-09
2.585647494723897211e-11,2.194851790696166822e-17,9.984387538963801489e-09,4.137118165409292558e-12,1.205275076732563997e-16,8.373523093440846110e-14,1.536562024284648942e-07,9.995669722557067871e-01,4.329363291617482901e-04,2.147381827910521679e-08
1.495763062020483147e-11,8.681390396100196273e-18,1.235003033173143194e-08,2.422108303853920397e-12,3.491620355453710649e-17,1.686013491092232947e-14,7.087000142291799420e-08,9.995812773704528809e-01,4.185834841337054968e-04,7.162989312803347275e-09
1.968827011145091177e-11,1.286027789939665273e-17,9.997928707150549599e-09,3.182095429168918521e-12,7.419800168433307607e-17,4.007462628885169464e-14,1.070532817948333104e-07,9.995718598365783691e-01,4.279704589862376451e-04,1.340867150645408401e-08
1.792857355631394256e-11,1.957312484858906502e-17,1.479237354828910611e-08,3.369360563124090824e-12,8.330132946627105879e-17,5.653286947729027623e-14,1.962224729368244880e-07,9.998357295989990234e-01,1.639701367821544409e-04,8.957494301853330398e-09
1.843551873659254881e-11,1.219728271226805041e-17,1.095589752253545157e-08,2.612075920144230068e-12,5.865912270994883253e-17,3.460791291672211945e-14,1.223634029656750499e-07,9.996736049652099609e-01,3.263240505475550890e-04,8.522719419090662996e-09
2.630921522306373106e-11,1.639170714901009039e-17,1.068592414554814241e-08,3.610170972931370237e-12,9.272515995707128781e-17,6.446187713390200136e-14,1.254096275715710362e-07,9.995130300521850586e-01,4.868689866270869970e-04,1.794309945069016976e-08
1.851746707359769317e-11,1.596428472853046482e-17,1.340823008177949305e-08,3.007687415096382821e-12,6.667612411958827464e-17,3.719552064355285959e-14,1.386537462622072781e-07,9.997372031211853027e-01,2.626907371450215578e-04,8.424316355615246721e-09
2.095171085236824382e-11,1.293830253785632962e-17,9.577269644012176286e-09,2.871475409879642449e-12,7.381227743853224863e-17,4.349132680511388904e-14,1.164476941539760446e-07,9.996544122695922852e-01,3.454810066614300013e-04,1.191573950620750111e-08
2.157537169755752160e-11,1.801281902221396424e-17,1.181420827833790099e-08,3.270929100490649333e-12,8.656474888869486527e-17,5.580271691236170228e-14,1.494394155088230036e-07,9.996820688247680664e-01,3.178604238200932741e-04,1.178618713737478174e-08
1.907280409996214843e-11,1.578191125579722349e-17,1.238165836525695340e-08,3.239506753127674443e-12,7.394862327326058929e-17,4.510267485012542377e-14,1.334547619080694858e-07,9.996993541717529297e-01,3.005584294442087412e-04,1.087801138055510819e-08
2.048213681993260593e-11,2.043587091875942268e-17,1.428991414087477096e-08,3.863173236168249147e-12,8.710025238237189453e-17,7.062946961230304188e-14,2.033009138813213212e-07,9.998143315315246582e-01,1.854545553214848042e-04,9.500471520595965558e-09
1.845581673598495343e-11,1.544918612620389364e-17,1.380858716260036090e-08,3.041136786841036610e-12,6.285215417453933321e-17,4.704175349495680336e-14,1.429986440371067147e-07,9.998031258583068848e-01,1.967348507605493069e-04,7.596559825628901308e-09
1.791923900928971136e-11,1.461634428953855305e-17,1.181798392480004622e-08,2.886108669761244805e-12,7.000519521286918982e-17,5.090367485708659212e-14,1.194193544051813660e-07,9.997231364250183105e-01,2.767672704067081213e-04,9.420232593981836544e-09
2.639576925089759385e-11,1.872038104638569858e-17,1.201317978427596245e-08,3.499838873571858855e-12,9.951354669416326770e-17,6.880344953713937728e-14,1.570977303799736546e-07,9.996637105941772461e-01,3.362176357768476009e-04,1.566933782726209756e-08
1.734856182322719320e-11,1.185708648738214161e-17,9.141000845147573273e-09,2.851251353075401340e-12,6.288276647464869566e-17,4.234190648382159250e-14,9.267952094660358853e-08,9.996454715728759766e-01,3.544331120792776346e-04,1.338716959509156368e-08
1.750076299156244630e-11,1.584909982823245572e-17,1.419738193675357252e-08,2.960145366673327949e-12,6.789522952381382725e-17,4.631313575372865421e-14,1.758275516294816043e-07,9.998200535774230957e-01,1.797075819922611117e-04,7.438651028479625893e-09
1.666032763136815475e-11,1.078419021950901196e-17,1.107915359455091675e-08,2.546619816065631703e-12,4.969885746931312106e-17,3.072632683768887485e-14,1.016801007835965720e-07,9.997411370277404785e-01,2.587397466413676739e-04,6.794468099258210714e-09
2.237387705661397774e-11,1.429775733097497954e-17,1.146959682785109180e-08,3.331458589897473566e-12,7.533358169902547416e-17,4.349845882252977025e-14,1.204972193136200076e-07,9.995780587196350098e-01,4.218647081870585680e-04,1.441425023784859150e-08
2.010753369363627030e-11,1.517091264197370450e-17,1.347038747212536691e-08,3.139698136894741864e-12,6.913424020229985592e-17,4.284673812038515550e-14,1.571453651649790118e-07,9.997388720512390137e-01,2.609978837426751852e-04,9.735334316474109073e-09
1.479823381889122658e-11,1.217683811624818978e-17,1.270834726341263377e-08,2.654878270350047309e-12,5.752526323093054474e-17,3.854445449337322305e-14,1.340836774943454657e-07,9.998003840446472168e-01,1.994651393033564091e-04,6.571247102016286590e-09
1.986380851470848086e-11,1.789624611284809115e-17,1.290968043576867785e-08,3.554686276233121056e-12,8.749297126743247038e-17,5.628255430071768539e-14,1.610711137800535653e-07,9.997468590736389160e-01,2.530156634747982025e-04,1.122826098765017377e-08
1.698183087206484032e-11,1.464549247996369663e-17,1.208614186509748833e-08,2.941755129423628823e-12,7.033987910615304524e-17,4.446995140292182846e-14,1.416168089463099022e-07,9.997317194938659668e-01,2.681052428670227528e-04,8.638252779746835586e-09
1.948945518859268589e-11,1.505282930080930958e-17,1.276100647373823449e-08,2.954801334165146898e-12,6.763112729783789657e-17,3.613071891369126765e-14,9.683340351784863742e-08,9.996229410171508789e-01,3.768829628825187683e-04,1.208019551057759600e-08
1.777233395172661545e-11,1.009309653415259585e-17,9.832255898345465539e-09,2.435981754853044912e-12,5.243568047889586928e-17,3.063034445223780655e-14,1.026062150799589290e-07,9.996775388717651367e-01,3.223316743969917297e-04,8.677961460534788785e-09
1.477567374008614820e-11,1.383247650822002701e-17,1.533200411074631120e-08,2.946091070751832852e-12,5.405979005463963530e-17,3.222366085986819173e-14,1.546855656897605513e-07,9.998235106468200684e-01,1.763705513440072536e-04,5.678985726120799882e-09
1.872042104666959972e-11,1.683843927370915383e-17,1.499729762599599781e-08,3.425151872196718905e-12,7.268668976563949112e-17,5.595265529655286951e-14,1.870246961743760039e-07,9.998133778572082520e-01,1.863784855231642723e-04,7.534127988151340105e-09
1.888840993335971774e-11,2.557246730808916202e-17,1.646297853596934146e-08,3.608300290502963747e-12,1.065308109980262201e-16,7.770712784176125876e-14,2.430525114505144302e-07,9.998643398284912109e-01,1.353994739474728703e-04,7.944941593507337529e-09
2.025323138366008635e-11,1.650677624402234207e-17,1.272051974865462398e-08,3.455006896899148749e-12,7.906337216825157807e-17,5.430861516790910781e-14,1.430223619536263868e-07,9.996839761734008789e-01,3.159009502269327641e-04,1.226970525181059202e-08
1.901373850032861412e-11,1.224934959592520074e-17,1.037307928442032789e-08,2.698939162437685724e-12,5.522902308537314077e-17,4.017570103638165580e-14,9.237668763262263383e-08,9.996341466903686523e-01,3.657517372630536556e-04,1.003370275753923124e-08
2.146156516391606317e-11,1.187746656331422311e-17,9.279061963241019839e-09,2.763550456183483384e-12,6.314241516020664084e-17,3.737446821212159209e-14,8.991024458282481646e-08,9.994707703590393066e-01,5.291517591103911400e-04,1.360300316832763201e-08
1.838452307056925861e-11,1.370317577076880048e-17,1.142777694695951141e-08,2.754946444583072918e-12,5.856082718339793115e-17,4.043326342685095443e-14,1.372977465052827029e-07,9.997856020927429199e-01,2.143027377314865589e-04,7.329724827087602534e-09
2.040717074491826821e-11,2.055539686291211007e-17,1.217835432498759474e-08,3.504772643977971391e-12,9.501021662074697486e-17,7.773415158091045996e-14,1.707983443566263304e-07,9.997944235801696777e-01,2.053092757705599070e-04,1.073105515558836487e-08
1.472949540115564560e-11,1.298372798837529169e-17,1.379157055225732620e-08,2.583804481134932551e-12,4.945716191177002680e-17,3.216997929980300319e-14,1.285452810861897888e-07,9.997870326042175293e-01,2.128290798282250762e-04,6.079763803512605591e-09
2.040705104899842581e-11,1.798226131602503029e-17,1.192359100343765022e-08,3.446166746065570941e-12,8.291379204056751511e-17,4.917530751634598130e-14,1.226785997232582304e-07,9.996664524078369141e-01,3.333730855956673622e-04,1.246838898794067063e-08
2.195163495422036704e-11,1.152792898777075297e-17,9.184127236494532553e-09,2.788474746245883651e-12,5.935181698979053876e-17,3.203248552367289614e-14,8.164501252849731827e-08,9.993779659271240234e-01,6.219144561327993870e-04,1.432790774913428322e-08
1.962463004601122663e-11,1.561417226246127033e-17,1.554684558868757449e-08,3.039126242332379491e-12,6.534732794869329013e-17,3.862560702598376305e-14,1.315180497840628959e-07,9.996796846389770508e-01,3.201791550964117050e-04,1.074913935639187912e-08
1.502222478355630386e-11,1.134928940832257601e-17,1.234071245193035793e-08,2.626383268852783281e-12,5.142607345405039688e-17,2.909123815323169659e-14,1.044307182951342838e-07,9.997019171714782715e-01,2.978825650643557310e-04,7.990667683088759077e-09
1.506300466302956664e-11,1.050731963359771275e-17,1.297345697537366505e-08,2.246551469159419057e-12,4.467431758320471527e-17,2.644952026766445724e-14,1.140389471743219474e-07,9.997254014015197754e-01,2.744766534306108952e-04,6.112304440364368929e-09
1.957121964490937671e-11,1.467650017240585943e-17,1.318699105468112975e-08,3.120076245977099205e-12,6.877927384039620026e-17,3.858496977330629074e-14,1.070597477337287273e-07,9.995884299278259277e-01,4.114164039492607117e-04,1.163057739006490010e-08
2.670369828039476090e-11,1.562699687067829247e-17,9.720035443194774416e-09,3.540761867731889723e-12,9.403815366954405928e-17,5.714142538044281183e-14,1.244903842234634794e-07,9.995433092117309570e-01,4.566387506201863289e-04,1.943689120764702238e-08
1.749352052105024313e-11,1.172423631792245005e-17,1.125934456780441906e-08,2.639394562284347323e-12,5.348597155498914979e-17,3.169511907704508635e-14,9.990711191676382441e-08,9.996770620346069336e-01,3.228332789149135351e-04,8.562635933628826024e-09
1.859512717417022287e-11,1.601064158441916160e-17,1.217106682105395521e-08,3.127978561931477053e-12,6.936794188640323772e-17,4.501535930579066147e-14,1.732509957719230442e-07,9.998100399971008301e-01,1.896819157991558313e-04,7.786957745281597454e-09
1.860198627079423517e-11,2.504423969508014919e-17,1.885434741666358605e-08,3.846388485495566556e-12,8.718919084183359607e-17,6.791554894424595146e-14,2.093078137477277778e-07,9.998354911804199219e-01,1.642225106479600072e-04,8.884394553376750991e-09
1.566888112314313020e-11,1.298888049641088450e-17,1.039526509316601732e-08,2.947264828023765659e-12,6.060774185744205174e-17,4.243037060483283163e-14,1.102683526710279693e-07,9.997832179069519043e-01,2.166716731153428555e-04,8.115583760570643790e-09
2.467911465464656118e-11,1.807862454866500780e-17,1.103654767575790174e-08,3.630490005845921075e-12,9.695528881777356668e-17,5.596685156874885159e-14,1.216584593066727393e-07,9.995483756065368652e-01,4.514984320849180222e-04,1.763460488746204646e-08
1.662680930436533089e-11,1.444839022924333609e-17,1.189032605708462143e-08,2.924937419004902672e-12,6.550298348764106867e-17,4.586741007622449628e-14,1.213505100849943119e-07,9.997699856758117676e-01,2.299070474691689014e-04,8.360386161143651407e-09
1.765725586577726602e-11,1.315514793543710582e-17,1.108324898524415403e-08,3.033132555882445125e-12,5.717977305012429657e-17,3.813506652930627461e-14,1.006160843530778948e-07,9.996587038040161133e-01,3.412299556657671928e-04,8.882806490362327168e-09
2.205815217981577092e-11,1.412910843896521805e-17,9.480487506152712740e-09,3.123741283000969204e-12,8.555597897062929653e-17,5.060665767193418818e-14,1.162283354005921865e-07,9.995417594909667969e-01,4.581473185680806637e-04,1.498627533180751925e-08
1.973656481302210608e-11,1.684171160021241361e-17,1.106278268991900404e-08,3.090979945954974717e-12,7.959957711108805230e-17,5.599299778176469733e-14,1.328881182871555211e-07,9.997482895851135254e-01,2.515385567676275969e-04,1.155424822485429104e-08
2.441180764478634302e-11,1.663643680504002916e-17,1.074855404681329674e-08,3.196713510220106080e-12,8.718531963656684790e-17,5.704363034448461933e-14,1.410130892054439755e-07,9.996156692504882812e-01,3.841900324914604425e-04,1.438554164678862435e-08
1.972701862973380571e-11,1.064134770824967983e-17,9.589087746064706153e-09,2.441230377570047239e-12,5.876713264561355668e-17,2.448595728845974484e-14,7.289948200650542276e-08,9.994038343429565430e-01,5.960747366771101952e-04,1.395235926793247927e-08
1.796993803759860953e-11,2.360678011583652365e-17,1.505889635211588029e-08,3.673130376247168982e-12,9.275708912871583468e-17,7.711523477074710975e-14,2.033072945550884469e-07,9.998419284820556641e-01,1.577817311044782400e-04,8.149177332938961626e-09
2.241345997688881653e-11,1.461993094467458297e-17,9.649286702995141241e-09,3.312922635875792388e-12,9.207287841323647231e-17,5.351164864410111466e-14,1.151737620830317610e-07,9.994269609451293945e-01,5.729395779781043530e-04,1.996195031495062722e-08
2.057344919426107310e-11,1.573842967971776104e-17,1.367786417461047677e-08,3.201670699393144304e-12,7.008843605227162610e-17,4.346703390018663571e-14,1.327349536950350739e-07,9.996602535247802734e-01,3.395771491341292858e-04,1.111321967783851505e-08
2.082345407217189859e-11,1.514374803065746307e-17,1.074568434233924563e-08,3.091342286321019373e-12,7.212671496072069308e-17,4.543553846960562970e-14,1.175383559370857256e-07,9.996633529663085938e-01,3.364635340403765440e-04,1.080914202589156048e-08
2.651763530980844052e-11,1.637158515342912544e-17,1.003151162137783103e-08,3.446886873148535813e-12,1.007113571606992552e-16,5.611237860535071842e-14,1.262068991536580143e-07,9.994520545005798340e-01,5.478093517012894154e-04,2.049201341947082256e-08
2.870900739360138232e-11,1.376670572335471067e-17,7.076597530186745644e-09,3.290874517336561667e-12,9.600491123350934127e-17,6.615613954005436503e-14,1.028805058922444005e-07,9.994176626205444336e-01,5.821803351864218712e-04,2.255372777426600805e-08
1.750824485391433427e-11,1.870457362487981022e-17,1.411164074482940123e-08,3.501468863117973562e-12,8.309549384264336338e-17,4.752414892281349446e-14,1.397902877897649887e-07,9.997420907020568848e-01,2.577843551989644766e-04,1.055106313430087539e-08
1.873665111951083873e-11,1.574965121190765541e-17,1.286453255033848109e-08,3.058458434429534023e-12,6.549775570616973353e-17,4.903878274590753317e-14,1.344166093986132182e-07,9.997625946998596191e-01,2.372336457483470440e-04,9.092650188335937855e-09
2.313371889883786281e-11,2.010576298862421060e-17,1.092894574838965127e-08,3.651005279353691790e-12,1.181087521528125417e-16,7.918169023018659103e-14,1.732698535761301173e-07,9.997225403785705566e-01,2.771361032500863075e-04,1.407335759040506673e-08
1.889918950503943762e-11,2.324122749645341434e-17,1.483764577869806089e-08,3.765230315033729624e-12,8.644721644981843067e-17,6.402715949658036032e-14,2.066826567670432269e-07,9.998722076416015625e-01,1.274939568247646093e-04,8.159970477095157548e-09
1.937269962504206688e-11,1.712615750617347345e-17,1.636370861035629787e-08,3.316611525347457068e-12,6.314295117324357520e-17,4.550678410486508341e-14,1.849026887157378951e-07,9.998187422752380371e-01,1.810301328077912331e-04,7.118663880589792825e-09
1.780164730902367154e-11,1.191268956815795614e-17,1.001436977787761862e-08,2.684644607314767839e-12,5.734927890124866300e-17,3.859010618109844082e-14,1.083892655628915236e-07,9.997081160545349121e-01,2.916943922173231840e-04,9.259127686789270228e-09
2.223432202241859557e-11,1.772128583276455006e-17,1.295235119158633097e-08,3.614041357846708991e-12,8.793415631894375322e-17,5.803682729711712174e-14,1.318628761737272725e-07,9.995773434638977051e-01,4.225428565405309200e-04,1.429783935691375518e-08
1.559808879281199268e-11,1.620106187015131878e-17,1.334800892038856546e-08,3.043634138125139721e-12,6.553794344905000983e-17,4.521221315086434989e-14,1.376427007926395163e-07,9.997771382331848145e-01,2.227514341939240694e-04,8.175723209546958969e-09
2.130494392016402116e-11,1.671662038489846945e-17,1.224662948828836306e-08,3.225892426447773964e-12,8.401064676770263065e-17,5.064196539330753644e-14,1.585231643730367068e-07,9.997012019157409668e-01,2.986273029819130898e-04,1.295677254375959819e-08
1.647722236430837484e-11,1.913851588294757875e-17,1.804357196988348733e-08,3.076089513318058799e-12,6.643759831815248358e-17,4.650925776233591491e-14,1.895949139907315839e-07,9.998382329940795898e-01,1.614789216546341777e-04,5.651676460161070281e-09
1.614410341521654857e-11,1.290848184959318042e-17,1.036989161207202415e-08,2.924020617647848930e-12,6.784181350857760293e-17,4.079840238975333822e-14,1.178723181283203303e-07,9.997425675392150879e-01,2.573227102402597666e-04,9.305959558503218432e-09
2.475618668396073474e-11,1.612675458136445520e-17,1.052696507741757159e-08,3.484288161811899265e-12,8.814751597742323096e-17,5.497820826524078830e-14,1.193355814166352502e-07,9.995822310447692871e-01,4.176902584731578827e-04,1.636586155484565097e-08
2.069182325481477847e-11,1.931113524189759478e-17,1.392294279867201112e-08,3.264051789270139281e-12,9.747886767574003150e-17,5.111138427641229165e-14,1.590184268707162119e-07,9.996925592422485352e-01,3.072988765779882669e-04,1.124627591053695141e-08
1.683355885240267469e-11,1.420487156563017496e-17,1.346523781364794559e-08,2.912868514101663031e-12,5.864891199246747796e-17,3.848078472079401180e-14,1.467135177790623857e-07,9.997894167900085449e-01,2.104503655573353171e-04,6.736712965249580520e-09
1.894772012900336478e-11,1.731550080274808659e-17,1.219986778266957117e-08,3.283889653260541053e-12,1.007991706545278846e-16,5.218440222586225030e-14,1.108548630668337864e-07,9.995759129524230957e-01,4.239542176946997643e-04,1.491919476848124759e-08
1.259601971337342974e-11,1.503968705523706708e-17,1.820133554986114177e-08,2.616316885362124367e-12,5.574721534319066027e-17,4.649437369938676234e-14,2.054026282394261216e-07,9.999091625213623047e-01,9.054004476638510823e-05,3.750066479568658906e-09
2.756632942746417569e-11,3.455168821964213868e-17,1.964327722703274048e-08,4.715017872664040155e-12,1.269346766445247411e-16,9.888261948620344355e-14,2.821364546434779186e-07,9.998173117637634277e-01,1.823425409384071827e-04,1.185592246599753707e-08
1.490322622255124685e-11,1.188384743455945717e-17,1.277882866190793720e-08,2.639300670376210078e-12,5.096637610043017728e-17,3.140676873300898841e-14,1.323015084153666976e-07,9.998169541358947754e-01,1.829729008022695780e-04,5.730753205313021681e-09
1.948228731118994972e-11,2.421390256130961916e-17,1.777868519070580078e-08,3.685616915827250040e-12,8.549279560672004607e-17,7.003182349351114167e-14,2.299189532095624600e-07,9.998633861541748047e-01,1.363681367365643382e-04,7.261744983111384499e-09
1.473618276015553619e-11,1.644449450698077440e-17,1.591978637804913888e-08,2.995596609309258973e-12,6.695753758142371508e-17,4.709153531533283310e-14,1.766094044342025882e-07,9.998670816421508789e-01,1.326504716416820884e-04,5.893821874991544973e-09
2.444464422546310800e-11,2.147807547718438479e-17,1.322570764017427791e-08,3.926416917293673592e-12,1.035688558954861395e-16,6.500943311232507127e-14,1.629153842941377661e-07,9.996514320373535156e-01,3.484872868284583092e-04,1.489833945100826895e-08
1.334576459760539180e-11,1.190664287788019350e-17,1.360900725444480486e-08,2.648320581929985984e-12,4.779132272848418564e-17,2.943646167747823728e-14,1.249065491037981701e-07,9.998183846473693848e-01,1.814843417378142476e-04,5.757713861243018982e-09
1.941055476073483277e-11,2.371415643115203217e-17,1.326330423268018421e-08,3.548252403701157576e-12,9.976342141360328630e-17,7.298720276164433196e-14,1.714744257697020657e-07,9.997987151145935059e-01,2.010589523706585169e-04,1.122683013221603687e-08
1.777929713175918636e-11,1.884324052840697468e-17,1.538070648621214787e-08,3.287139657692783601e-12,6.768932110829222718e-17,5.102746364013012459e-14,1.703563583532741177e-07,9.998612403869628906e-01,1.384824281558394432e-04,6.522683282383923142e-09
1.398087895454480645e-11,7.923988258480304354e-18,8.631457326657709928e-09,2.351348933268826435e-12,3.801233396987818865e-17,1.991850152698038112e-14,7.569978066612748080e-08,9.996905326843261719e-01,3.093438572250306606e-04,8.016406205513249006e-09
2.046809076394762172e-11,1.554659326077691307e-17,1.138381922061171281e-08,3.131617578103207400e-12,7.647865112970508058e-17,5.094604005697646321e-14,1.286657465016105562e-07,9.996757507324218750e-01,3.241198719479143620e-04,1.235668811716550408e-08
1.387558210691475225e-11,1.411696873629538981e-17,1.480714395540871919e-08,2.857730328417740218e-12,5.933271904380791445e-17,3.981836494098937862e-14,1.784459158216122887e-07,9.998571872711181641e-01,1.425954396836459637e-04,5.340631492600778074e-09
2.292904234535431129e-11,2.305069802288040016e-17,1.265440552344898606e-08,3.728462850960401198e-12,1.098735471150265113e-16,6.746180355879718982e-14,2.021953378061880358e-07,9.998001456260681152e-01,1.996411447180435061e-04,1.223033319064370517e-08
2.140891804114364305e-11,3.431345689450441649e-17,2.048170344437494350e-08,4.138569261596947157e-12,1.420843373622007332e-16,1.059708080292619259e-13,3.238284875806130003e-07,9.998793601989746094e-01,1.202776475111022592e-04,9.319934157758780202e-09
1.909844678238403759e-11,2.034967869893139719e-17,1.895650214578381565e-08,3.180343141617747449e-12,7.067707762849906187e-17,5.091240607270688945e-14,2.018065856645989697e-07,9.997839331626892090e-01,2.157777053071185946e-04,7.632067422491672914e-09
1.434967162455835776e-11,1.069333187384557485e-17,1.331716692476447861e-08,2.454073185984007033e-12,4.686905935887941254e-17,2.473252010907599913e-14,1.054739797723414085e-07,9.997717738151550293e-01,2.281444176333025098e-04,6.619944592500814906e-09
1.449070637787874816e-11,1.199124856529334228e-17,1.221375534044000233e-08,2.570320258715730333e-12,5.362964290122226006e-17,2.836716220266672500e-14,1.166604022273531882e-07,9.997960925102233887e-01,2.037421800196170807e-04,6.726922574529226040e-09
1.971457372351714810e-11,2.060247005721127777e-17,1.592185583376704017e-08,3.518618989922783769e-12,8.574576729037346320e-17,6.409099867574902243e-14,1.964140494692401262e-07,9.998006224632263184e-01,1.990913733607158065e-04,9.337277617760264548e-09
1.559926840477565690e-11,1.349250858518318284e-17,1.277650696351884108e-08,2.619204766268756757e-12,6.039131170452877715e-17,3.698559199790535379e-14,1.257362356454905239e-07,9.997726082801818848e-01,2.273204008815810084e-04,6.995769297191145597e-09
1.655162812363997205e-11,1.299889434490645145e-17,1.338122945782060924e-08,2.831466398151016861e-12,5.787512754281597333e-17,3.737460373739315278e-14,1.249018311000327230e-07,9.997299313545227051e-01,2.699769975151866674e-04,7.524050715801422484e-09
1.247814091637211575e-11,1.074273110002724166e-17,1.328614995799171083e-08,2.464018789352651062e-12,4.242224888235764297e-17,2.593199330128744678e-14,1.039607226971384080e-07,9.998107552528381348e-01,1.891872234409675002e-04,4.843693446332508756e-09
1.493253090623092305e-11,6.264257804018167301e-18,8.445419474867321696e-09,2.207860847272535842e-12,3.027823825589923265e-17,1.451446859294762415e-14,4.437270817447824811e-08,9.993249177932739258e-01,6.751366890966892242e-04,8.791230854399145755e-09
2.009308171235790752e-11,1.566189562072190471e-17,1.279582928503941730e-08,3.117910010036473167e-12,6.950749718190828413e-17,5.153380638347158926e-14,1.577632673388507101e-07,9.997598528861999512e-01,2.400424709776416421e-04,9.511158083341797465e-09
1.444026755809124651e-11,1.877607015394521862e-17,1.768441570959566889e-08,3.129545667751587601e-12,6.865984219483334391e-17,5.145169162143296837e-14,2.229333659897747566e-07,9.998912811279296875e-01,1.084533505490981042e-04,4.952369181410176679e-09
2.294778082834181276e-11,1.750768298318498172e-17,1.070867128305508231e-08,3.328332401353328862e-12,1.021463897920256501e-16,6.344383839899242483e-14,1.457925407066795742e-07,9.996042847633361816e-01,3.956340078730136156e-04,1.550823824914004945e-08
2.370223982361974180e-11,1.863152861370770256e-17,1.344116196122513429e-08,3.360903786178703889e-12,8.219487282658542769e-17,6.212432369749609773e-14,1.647793652637119521e-07,9.997012019157409668e-01,2.985820174217224121e-04,1.269836502615362406e-08
1.788277165237772692e-11,2.106163139779456301e-17,1.852642128596926341e-08,3.353267967118322979e-12,6.739284634186342121e-17,4.569124077572275788e-14,2.322330345805312390e-07,9.998623132705688477e-01,1.373786944895982742e-04,6.059809987135622578e-09
1.552187545161842763e-11,1.654264114102141624e-17,1.446303521390746027e-08,3.185257396384755246e-12,6.407877037872686731e-17,4.873347819039919315e-14,1.942147207500966033e-07,9.998897314071655273e-01,1.100026565836742520e-04,5.197876351559216346e-09
1.797084182852959344e-11,1.732629881846435381e-17,1.418744144388028872e-08,3.307240115449361362e-12,7.397656212563018035e-17,5.536393012876145159e-14,1.957503741323307622e-07,9.998482465744018555e-01,1.514308241894468665e-04,6.914855354978044488e-09
2.269236361318593964e-11,2.034826587444515662e-17,1.376794145357962407e-08,3.647279960689031597e-12,9.419248571951175297e-17,7.763103717804351045e-14,1.860138638676289702e-07,9.997869133949279785e-01,2.128357446053996682e-04,1.077957190176448421e-08
1.833887208757545295e-11,2.262219034143710502e-17,1.811342720259290218e-08,3.438930563925968187e-12,7.832322419102892975e-17,6.211919406596752569e-14,2.373994050230976427e-07,9.998685121536254883e-01,1.312323292950168252e-04,6.116468664885132966e-09
1.859300560735910324e-11,1.287019331339932587e-17,1.137193983424822363e-08,3.006926955692601489e-12,6.266718335468267538e-17,4.219384851277332982e-14,1.131219420358320349e-07,9.996559619903564453e-01,3.439309075474739075e-04,1.095651924742924166e-08
1.652535747131977928e-11,1.343036829602636175e-17,1.206109345730510540e-08,2.765528257786531441e-12,6.219218977717512519e-17,3.982425012590690150e-14,1.300670362525124801e-07,9.997646212577819824e-01,2.352961600990965962e-04,7.609898489135957789e-09
1.414250053871635160e-11,2.048942424597733079e-17,1.701984508883924718e-08,3.135327934777887293e-12,7.390300260811706471e-17,5.799328302736467267e-14,2.142493542578449706e-07,9.998985528945922852e-01,1.012067077681422234e-04,4.811090192902156559e-09
1.819055496510291192e-11,1.302163023122308397e-17,1.206686928156841532e-08,2.834563746917373450e-12,5.778646701604008961e-17,3.510096740718705866e-14,1.030120628797703830e-07,9.996883869171142578e-01,3.115539147984236479e-04,9.427489899849206267e-09
1.549851913473787590e-11,1.400832683464267516e-17,1.261034920929660075e-08,2.842978456818467947e-12,6.082480066762086662e-17,4.378362771081598104e-14,1.636149278283483000e-07,9.998296499252319336e-01,1.702083245618268847e-04,6.542362651629218817e-09
1.812996801298094596e-11,1.644126684823059249e-17,1.443498742759175002e-08,3.108536214893597993e-12,6.536221719971924463e-17,4.306823723609215504e-14,1.556561670668088482e-07,9.997929930686950684e-01,2.068594621960073709e-04,7.932519530129411578e-09
