1.911463001769142522e-11,2.503474035292559022e-17,1.596276533177842794e-08,3.973144296204322856e-12,1.088127640800436082e-16,7.785517564841415439e-14,1.980600501383378287e-07,9.997727274894714355e-01,2.270482946187257767e-04,1.084158629538478635e-08
1.574965505235503826e-11,1.188584176701632252e-17,1.375365688005558695e-08,2.545375368812052841e-12,5.194028201003786100e-17,2.890778775751536023e-14,1.143927335078842589e-07,9.997330307960510254e-01,2.668854431249201298e-04,6.810073394092341914e-09
1.559239022619340886e-11,1.149691881378675252e-17,1.283842809840507471e-08,2.378493452540042519e-12,4.478382306141693529e-17,2.495576919485202605e-14,1.039886470266537799e-07,9.997550845146179199e-01,2.448317536618560553e-04,6.327083745816253213e-09
1.863098390841866348e-11,1.330720523872027869e-17,1.333704613415420681e-08,2.753726500298592228e-12,5.789588646746860411e-17,3.954742281808525106e-14,1.175729806845993153e-07,9.997146725654602051e-01,2.852129109669476748e-04,9.418858581966560450e-09
2.613926436412228327e-11,1.791474518006722707e-17,1.005546224064346461e-08,3.380800197086419878e-12,1.189076630407509571e-16,7.867186448736601667e-14,1.594363538970355876e-07,9.996470212936401367e-01,3.528801898937672377e-04,1.582694864055156359e-08
1.774595748127438810e-11,1.931822417974717423e-17,1.561380180703508813e-08,3.343671043168350288e-12,7.527906718793577943e-17,5.020110168492061820e-14,1.828350519872401492e-07,9.998306035995483398e-01,1.690814824542030692e-04,7.153729164599553769e-09
1.188966980425476549e-11,5.423655358845854200e-18,8.039427790151876252e-09,1.845423987234529051e-12,2.772469861772353409e-17,1.439334118742436469e-14,5.090299382004559448e-08,9.995866417884826660e-01,4.133982874918729067e-04,6.065111080033602775e-09
1.998030733918465529e-11,1.088023995069683188e-17,1.061014121006564892e-08,2.696212177133450183e-12,4.914429904304532025e-17,3.449320093874136406e-14,9.001691836374448030e-08,9.995750784873962402e-01,4.248264594934880733e-04,1.015592854258784428e-08
2.413007293977642576e-11,1.700165193473321683e-17,1.017782746970397056e-08,3.032672420480442277e-12,8.568266995324791825e-17,5.637809284090439244e-14,1.174529771219567920e-07,9.995947480201721191e-01,4.051857977174222469e-04,1.555905093653109361e-08
1.860439233225541500e-11,1.574616878152880717e-17,1.259304127643190441e-08,3.468286638788620202e-12,7.355884915118070222e-17,5.269942875097896606e-14,1.644221896413000650e-07,9.997856020927429199e-01,2.142876037396490574e-04,9.328111616468959255e-09
2.295109415018092847e-11,1.850043041278539831e-17,1.018920414708190947e-08,3.430729008171984340e-12,1.026523794814467874e-16,6.599615195697697279e-14,1.273546814672954497e-07,9.995445609092712402e-01,4.552218597382307053e-04,1.805772065210931032e-08
1.623528048111388955e-11,1.116438972599859773e-17,1.132002758197359071e-08,2.332961731785210269e-12,5.314339635866153848e-17,3.429669607124194441e-14,9.734070260947191855e-08,9.996868371963500977e-01,3.130798868369311094e-04,7.699766157998055860e-09
1.785376881058287069e-11,1.344772750836139958e-17,1.141743144472684435e-08,2.998852034752363949e-12,6.058363450566980630e-17,4.024523227695586680e-14,1.262443731775420019e-07,9.997287392616271973e-01,2.711587294470518827e-04,8.657954353452623764e-09
1.516741940377208664e-11,7.500035033489726186e-18,7.800758261566898000e-09,2.214570107156310641e-12,4.105091577564273157e-17,1.777023623736329050e-14,5.418921489308559103e-08,9.994599223136901855e-01,5.399865913204848766e-04,9.953542878804455540e-09
1.651491096654744695e-11,1.463157930206055471e-17,1.411482397628560648e-08,2.865070377125467083e-12,5.950316457210814113e-17,3.891600380162042738e-14,1.347893885395023972e-07,9.997349381446838379e-01,2.648774825502187014e-04,7.858631079216138460e-09
1.601734543610344730e-11,1.445720962893437647e-17,1.594218090872345783e-08,2.903553699556971068e-12,5.401256796783020806e-17,4.211952984198123751e-14,1.634998483268645941e-07,9.998308420181274414e-01,1.688817137619480491e-04,5.145607495649073826e-09
1.798114782070037165e-11,1.820068331985333257e-17,1.468868937593015289e-08,3.168200077285909799e-12,8.138052343969432259e-17,5.648470718390939671e-14,2.044530589273563237e-07,9.998226761817932129e-01,1.771350071066990495e-04,7.400179136141105118e-09
1.796375027895980026e-11,1.410432941653557955e-17,1.178178710148358732e-08,2.770860797751684146e-12,6.779815822456950435e-17,3.645664363926756635e-14,1.213652467413339764e-07,9.997549653053283691e-01,2.448552986606955528e-04,8.331957346285889798e-09
2.003713167608722756e-11,2.397784672118291144e-17,1.656649217807171226e-08,3.661107007835173732e-12,9.459071031872948176e-17,7.102373295606381753e-14,1.956946533709924552e-07,9.998210072517395020e-01,1.787343790056183934e-04,9.645969356597561273e-09
1.482736503022330510e-11,1.102549782934481886e-17,1.182512221475917613e-08,2.536343747874814092e-12,4.867127746411809648e-17,2.305584210690863473e-14,1.080011884369014297e-07,9.997528195381164551e-01,2.470799081493169069e-04,7.029590687324116516e-09
1.474423708125449650e-11,1.205690271769228864e-17,1.221263090656066197e-08,2.534024639427867598e-12,5.240297375747552256e-17,3.354428686859131648e-14,1.128818780671281274e-07,9.997821450233459473e-01,2.176997950300574303e-04,6.810797259504397516e-09
1.742445597530117851e-11,2.285127966644489114e-17,2.136256860296725790e-08,3.562270487270091657e-12,7.195444301762794932e-17,5.292457010835915909e-14,2.016455340481115854e-07,9.998582601547241211e-01,1.414208818459883332e-04,6.369913929660242502e-09
1.706127426837067418e-11,1.347503439474300013e-17,1.095795543193389676e-08,2.778761378982586017e-12,6.050943971344624993e-17,3.795831447013682525e-14,1.116490508934475656e-07,9.997279047966003418e-01,2.718975301831960678e-04,9.450457305604231806e-09
1.830618122367067002e-11,2.308204155065125948e-17,1.484338074675406460e-08,3.721695260999746679e-12,9.745522354511081575e-17,8.785135704840463244e-14,1.911462419457166106e-07,9.998505115509033203e-01,1.491892617195844650e-04,9.256544863944782264e-09
1.547487138431336007e-11,2.032269606734991743e-17,2.021423561870960839e-08,3.341298808814952004e-12,6.662691018186381970e-17,4.908965215658783743e-14,1.728528218336577993e-07,9.998418092727661133e-01,1.579528907313942909e-04,5.787886170338651937e-09
1.641528753204557489e-11,1.902520041083393949e-17,1.550377959347315482e-08,3.301380870068815199e-12,7.806740038862342978e-17,5.578254736382168288e-14,1.764646100355093949e-07,9.998088479042053223e-01,1.909034035634249449e-04,7.608289998017880862e-09
1.823889823893143358e-11,1.331839533804689605e-17,1.281715356071799761e-08,2.654537614027452364e-12,5.701728830803928024e-17,3.515714602038075287e-14,1.183432658535821247e-07,9.997083544731140137e-01,2.914347569458186626e-04,8.753052505028335872e-09
2.156570234890242688e-11,1.320402272911041402e-17,1.067803268028910679e-08,2.930560091471412498e-12,6.672511306418611515e-17,3.630376096855174317e-14,8.710109256071518757e-08,9.994341731071472168e-01,5.656393477693200111e-04,1.320040610153228045e-08
1.296411762663485234e-11,1.047690585683536303e-17,1.253298353987020164e-08,2.372723762258943658e-12,3.882321250691902126e-17,2.227430852339961492e-14,9.317867011304770131e-08,9.997944235801696777e-01,2.054283540928736329e-04,4.995280189490358680e-09
1.737228937093160397e-11,1.571310968116751286e-17,1.370454771887352763e-08,3.066818500541135251e-12,7.078972639303898339e-17,4.611146398525098333e-14,1.262752817865475663e-07,9.996980428695678711e-01,3.018454881384968758e-04,9.915076759625662817e-09
1.258050781605124513e-11,7.315065040813680902e-18,1.051052223033366317e-08,2.138407723464852417e-12,3.615534989064359385e-17,1.754246738378071463e-14,8.158718856066116132e-08,9.996688365936279297e-01,3.310235042590647936e-04,5.810365522052052256e-09
2.236897472807086729e-11,1.858445211068608465e-17,1.332155186162253813e-08,3.390978036560410303e-12,8.026228774808593638e-17,5.070416471669031422e-14,1.495088781666709110e-07,9.996584653854370117e-01,3.414307138882577419e-04,1.365042212597700200e-08
1.805044655411869314e-11,1.441247901012995895e-17,1.439715902051830199e-08,2.850237624044127394e-12,5.268890362545550253e-17,3.472050053607116105e-14,1.463633481080250931e-07,9.998068213462829590e-01,1.931030274135991931e-04,6.535989083289450718e-09
1.772736818450582064e-11,1.289252967148009528e-17,1.365398460961841920e-08,2.686328590129072325e-12,6.051190802039410816e-17,3.025304548434464003e-14,1.405781091534663574e-07,9.997686743736267090e-01,2.311605639988556504e-04,7.244995714472679538e-09
1.584628782358432630e-11,8.592738141130438085e-18,9.958959878986206604e-09,2.109304918229693016e-12,4.175533285912553930e-17,2.491213175147537900e-14,8.045181232319009723e-08,9.996281862258911133e-01,3.716765495482832193e-04,7.150412262291183652e-09
1.453240219134732669e-11,1.044036598045644559e-17,1.081545342174194957e-08,2.467798968647239022e-12,5.252853646573862195e-17,2.579715412641403471e-14,9.696837111050626845e-08,9.997492432594299316e-01,2.506119199097156525e-04,7.460005058135266154e-09
1.422230996167561656e-11,8.748623636288506363e-18,1.107824321167072412e-08,2.420606033323724482e-12,4.382655340828891806e-17,2.507756914453540542e-14,9.587626692564299447e-08,9.997543692588806152e-01,2.454466593917459249e-04,6.049190481860478030e-09
1.783606769223400335e-11,6.971785913784786970e-18,7.720751149520310719e-09,2.263993029508193366e-12,4.314506908010853046e-17,1.904610502515349801e-14,5.884091081043152371e-08,9.994026422500610352e-01,5.972741637378931046e-04,1.127939963652124788e-08
1.615643556440726769e-11,1.603420299698712204e-17,1.467520149844858679e-08,2.879876241992929131e-12,7.010763325992775677e-17,4.328019537268128214e-14,1.621515650640503736e-07,9.998157620429992676e-01,1.840962213464081287e-04,7.551726355359278386e-09
1.495691938357968098e-11,9.565426440876443752e-18,1.018217687942524208e-08,2.344844804436085894e-12,4.404790032276320784e-17,2.461778610823861513e-14,8.243124938189794193e-08,9.996728897094726562e-01,3.269979788456112146e-04,7.789721756523704244e-09
1.467772951790902169e-11,9.304451784796576074e-18,9.517680865656075184e-09,2.264091475065455050e-12,4.863982474850638016e-17,2.431720291437827058e-14,6.962822141076685512e-08,9.995947480201721191e-01,4.050787538290023804e-04,9.322596916661041178e-09
1.294768719323213801e-11,8.929944935282580241e-18,1.201184396393273346e-08,2.494526937443786174e-12,3.712304201948977923e-17,1.864759296412929479e-14,6.978615374464425258e-08,9.996764659881591797e-01,3.234136383980512619e-04,6.545116448819499055e-09
1.551051301285077955e-11,7.825988862588696953e-18,8.863533906833254150e-09,2.086044227980754506e-12,4.416439382279027583e-17,2.486604638288116703e-14,6.796454954383079894e-08,9.995446801185607910e-01,4.551884776446968317e-04,8.382834870701572072e-09
1.336036576510268858e-11,8.877956633783622452e-18,1.136355987085835295e-08,2.140900087418962094e-12,3.742210420687465107e-17,1.902883402335898283e-14,9.250486243672639830e-08,9.997960925102233887e-01,2.037738595390692353e-04,4.833350608635100798e-09
1.664498747167009185e-11,1.305372566617075399e-17,1.343154920618871984e-08,2.564053786999198614e-12,5.392177993251883795e-17,3.334446163193865997e-14,1.116290206937264884e-07,9.997316002845764160e-01,2.682931954041123390e-04,7.431342208263913562e-09
1.786740026765709644e-11,7.136657899117631340e-18,8.079128477334052150e-09,2.113779203755106195e-12,4.158127420590968101e-17,1.663327238259331570e-14,5.252200452332544955e-08,9.991438388824462891e-01,8.560105925425887108e-04,1.316426700981310205e-08
1.451401498986371053e-11,1.354074479542360010e-17,1.527990356464670185e-08,2.892379695126900963e-12,5.562394557958555787e-17,3.447239103329322041e-14,1.354598140324014821e-07,9.997935891151428223e-01,2.063594874925911427e-04,6.709120370373966580e-09
1.662001092306297778e-11,9.894444146964310934e-18,1.145193895268903361e-08,2.487146990096111843e-12,4.305252742189854794e-17,2.544459868497606081e-14,9.915256526937810122e-08,9.996776580810546875e-01,3.221768129151314497e-04,7.269458812686480087e-09
2.092477580095675194e-11,1.652750869889537115e-17,1.481226252764145102e-08,3.465957338841252344e-12,7.440674236627205771e-17,4.811586919910640359e-14,1.396205675519013312e-07,9.996459484100341797e-01,3.539401222951710224e-04,1.192318688225668666e-08
1.352904507173624538e-11,9.395786586492843731e-18,1.231668544932063014e-08,2.014329458441266318e-12,4.245561073082313168e-17,2.508812995132177204e-14,8.971846909844316542e-08,9.997500777244567871e-01,2.498158428352326155e-04,5.315548889939236687e-09
2.042112659528250163e-11,1.255377356804064130e-17,1.047224706951510598e-08,2.773732632466163750e-12,6.075545646250932121e-17,2.940233641409925602e-14,9.152983437843431602e-08,9.994863271713256836e-01,5.135029787197709084e-04,1.259664461628062782e-08
1.846217970169483635e-11,1.192695677936327076e-17,1.259580173496033240e-08,2.642113524492506471e-12,4.935785060742691030e-17,2.673438761222144550e-14,1.200814239155079122e-07,9.997110962867736816e-01,2.887340961024165154e-04,7.174749683258596633e-09
1.861806195324611224e-11,1.264794063615429053e-17,1.254279791140788802e-08,2.777025354464002227e-12,5.736368507879688653e-17,3.598144121519895877e-14,1.032800298617075896e-07,9.996160268783569336e-01,3.837569674942642450e-04,9.869923545124947850e-09
2.958174330491836201e-11,9.360606595040963464e-18,7.609370911154655914e-09,2.586121204337099577e-12,5.471422226806708867e-17,2.223733553525196471e-14,5.754274212677046307e-08,9.986737966537475586e-01,1.326058642007410526e-03,2.126754061748670210e-08
1.110110180863044249e-11,6.064602460337161841e-18,8.802098605542596488e-09,1.775493706050734755e-12,2.978197951920416922e-17,1.430784337579441012e-14,5.282841186726727756e-08,9.996827840805053711e-01,3.171396674588322639e-04,5.549021686590549507e-09
1.781638725439904647e-11,1.081200747632855773e-17,1.057407228444162683e-08,2.670288903189321772e-12,5.437368193604635782e-17,2.639875927720140153e-14,8.844735077673249179e-08,9.995706677436828613e-01,4.292235535103827715e-04,1.094952573055252287e-08
1.325536121837833647e-11,8.456409677194961041e-18,1.300755503308437255e-08,2.090620645350815821e-12,3.499953703816814871e-17,1.541687377802983261e-14,8.647552363072463777e-08,9.997410178184509277e-01,2.587957133073359728e-04,5.143594883350033342e-09
1.620227042808952689e-11,1.046403327214281281e-17,1.195931709219166805e-08,2.417987251396302995e-12,4.844540752605436674e-17,2.258896432264564241e-14,9.511099818837465136e-08,9.996789693832397461e-01,3.209303540643304586e-04,6.838392074826060707e-09
1.745471475689264196e-11,1.107016889114513256e-17,1.032809038292725745e-08,2.597600736939376098e-12,4.672143739804074901e-17,3.407711463812752861e-14,8.817507080038922140e-08,9.996917247772216797e-01,3.081781906075775623e-04,7.839951798871425126e-09
1.560372664410891730e-11,1.425068082795336163e-17,1.364187873775790649e-08,2.844627094641949405e-12,5.842272110832607765e-17,3.500168836950527662e-14,1.327392027405949193e-07,9.998086094856262207e-01,1.912351581268012524e-04,7.391582901306037456e-09
1.351558795437135529e-11,1.270433615595693085e-17,1.384105807744617778e-08,2.529342837606640693e-12,5.153403045015591763e-17,2.812156669367623513e-14,1.396749951254605548e-07,9.998534917831420898e-01,1.463048101868480444e-04,5.439665162754181438e-09
1.557051362843786535e-11,1.488041508265120671e-17,1.756841250255547493e-08,2.820169878875455893e-12,5.995926534442498016e-17,3.442598718031084082e-14,1.558797606548978365e-07,9.997759461402893066e-01,2.239221939817070961e-04,6.910254590763997840e-09
1.208216686421348385e-11,7.681128857815347982e-18,1.070845012662857698e-08,1.945551142065737871e-12,3.377818501139890207e-17,1.600978667671247579e-14,7.131859547371277586e-08,9.997132420539855957e-01,2.866096328943967819e-04,5.333032682131033653e-09
1.146521592942928436e-11,6.862566226474204025e-18,1.188873444135651880e-08,1.939621206703545653e-12,2.814416852379407485e-17,1.244967501215065581e-14,6.370336791405861732e-08,9.997257590293884277e-01,2.740652998909354210e-04,4.951502319272549357e-09
1.372628399831654633e-11,1.492831049447925211e-17,1.659477177895496425e-08,2.690705731139830803e-12,5.000608227498266618e-17,2.997725155671863984e-14,1.628456516300502699e-07,9.998613595962524414e-01,1.383575872750952840e-04,4.959877841770321538e-09
1.278611157923270625e-11,7.742494078738206893e-18,8.614250646132859401e-09,2.207560306430322861e-12,3.507982649714499579e-17,2.071353850973452898e-14,6.974799049430657760e-08,9.996978044509887695e-01,3.020579461008310318e-04,5.755438348131747262e-09
2.399678199205279583e-11,1.037434125114307547e-17,9.127121280982919416e-09,2.339965677819466627e-12,5.615979979784230963e-17,2.723880250857495938e-14,6.759650261756178224e-08,9.991084933280944824e-01,8.912976481951773167e-04,1.618733769248592580e-08
1.186653032780871087e-11,7.858592186432474539e-18,1.134516836032162246e-08,1.969225347023262351e-12,3.286878264595810345e-17,1.578646813423477402e-14,7.269322566116898088e-08,9.997346997261047363e-01,2.652133407536894083e-04,5.552221349347519208e-09
1.093422661441190158e-11,7.684249810266510555e-18,1.066145305372856456e-08,2.035318094617544205e-12,3.491807960016637675e-17,1.933112991783867557e-14,7.237940025106581743e-08,9.998065829277038574e-01,1.932579325512051582e-04,5.225325949709258566e-09
1.591067208539520550e-11,1.152896461789766936e-17,1.078933564713224769e-08,2.761476811108387608e-12,6.104123082053414121e-17,2.971797477156409850e-14,7.696086612440922181e-08,9.995746016502380371e-01,4.252928192727267742e-04,1.103793145773579454e-08
1.074484511781603757e-11,8.087161214834964805e-18,1.217053124946687603e-08,1.867473189975932257e-12,3.120795286846188342e-17,1.409673735435022085e-14,8.416323993287733174e-08,9.998175501823425293e-01,1.823391066864132881e-04,3.880368915076815028e-09
1.008594509993576693e-11,7.837826644334943332e-18,1.439378127798818241e-08,1.912982359325576809e-12,2.749627269156701550e-17,1.565002298489336779e-14,1.087675798316922737e-07,9.998658895492553711e-01,1.339192531304433942e-04,2.679301669417100129e-09
1.785314951430194697e-11,1.206421251276541974e-17,1.168481844615598675e-08,2.840457469927004652e-12,6.082467493616775856e-17,3.095617431012401277e-14,1.333689425564443809e-07,9.997207522392272949e-01,2.791587612591683865e-04,9.230467945542386587e-09
9.523433257274671604e-12,8.892615928599287208e-18,1.431835450205198867e-08,2.061783686488349865e-12,3.272023424283338052e-17,1.828163915553165236e-14,1.063181969129800564e-07,9.998856782913208008e-01,1.141726606874726713e-04,2.921784147957851019e-09
2.103273631648416853e-11,1.092918588190281963e-17,9.637717290900127409e-09,2.418276950216791121e-12,5.854775111227469289e-17,2.926586246563764315e-14,7.436354110268439399e-08,9.993258714675903320e-01,6.740179960615932941e-04,1.448465880571347952e-08
1.350468434996310307e-11,9.340201703690505377e-18,1.320556375361547907e-08,2.219878794673668665e-12,4.063487039730816035e-17,2.038075959354904848e-14,8.210997037849665503e-08,9.997178912162780762e-01,2.819947840180248022e-04,6.199164737097362377e-09
1.651821908421613472e-11,1.065509048694663583e-17,1.124703175037211622e-08,2.398000851708270709e-12,4.509328787218527400e-17,2.429654886299242172e-14,1.050084250664440333e-07,9.997521042823791504e-01,2.478063397575169802e-04,6.970731991629008917e-09
1.246956357614514843e-11,7.093885216823126832e-18,1.255291337542985275e-08,1.927653566283216158e-12,2.931061230150205151e-17,1.468120194641694964e-14,9.550485913223383250e-08,9.997926354408264160e-01,2.072952192975208163e-04,3.684103910828184780e-09
1.405710183671748936e-11,7.144099215908158377e-18,1.068031529882773611e-08,2.000775847083025027e-12,3.528219127092241869e-17,1.661594039442659820e-14,8.172128929118116503e-08,9.996783733367919922e-01,3.214809403289109468e-04,6.152157894234733249e-09
1.273643603777463440e-11,7.647345974418069778e-18,9.735661166132558719e-09,2.054539264412236221e-12,3.699526577590748794e-17,1.787626104543700578e-14,6.419203657515026862e-08,9.996770620346069336e-01,3.228348214179277420e-04,5.989015061658164996e-09
1.262950941743889999e-11,8.957976431880777243e-18,1.349289835417266659e-08,2.335872597777899351e-12,3.783986350343843217e-17,2.055273608096187810e-14,9.879456541739273234e-08,9.997969269752502441e-01,2.029534662142395973e-04,5.191350904709679526e-09
1.114831230802915130e-11,8.035717198179066908e-18,1.392431858704412662e-08,2.018096844150218949e-12,3.162489821930291234e-17,1.754849995243105976e-14,1.049002378294972004e-07,9.998447895050048828e-01,1.550445740576833487e-04,3.333293419061078566e-09
1.779912155164264931e-11,9.842824768018551795e-18,1.098608759519947853e-08,2.393324470897906231e-12,4.755742913847869153e-17,2.260150041026500606e-14,1.253800832046181313e-07,9.997417330741882324e-01,2.581545268185436726e-04,6.793552387307499885e-09
1.415069797450208000e-11,1.442843036106243154e-17,1.648273162402347225e-08,2.876227034320777420e-12,5.358236125740872900e-17,3.168665891196791040e-14,1.301762608818535227e-07,9.998105168342590332e-01,1.894189917948096991e-04,6.902629134941662414e-09
1.115073658408682888e-11,1.073592753948899301e-17,1.796354176519798784e-08,2.143889449648939127e-12,3.488307000792068241e-17,2.070899841313724593e-14,1.264409803525268217e-07,9.998638629913330078e-01,1.359416492050513625e-04,3.246316992999709328e-09
1.306200807238422357e-11,1.339594931073803026e-17,1.724802878300124576e-08,2.528329759096670237e-12,4.741419785233145947e-17,2.888652045427569925e-14,1.597281880094669759e-07,9.998992681503295898e-01,1.006560996756888926e-04,3.855057162382991010e-09
9.012244076012088101e-12,1.073553628305925543e-17,1.911417335520582128e-08,2.207635766901527852e-12,3.221316590989347414e-17,1.759458023882758820e-14,1.528746764734023600e-07,9.999341964721679688e-01,6.563276838278397918e-05,2.198885740156697466e-09
1.273832168219302119e-11,1.017133375802969886e-17,1.347265410345244163e-08,2.157095682631116063e-12,3.815394398202481678e-17,2.120902229069219352e-14,9.877454942852637032e-08,9.997964501380920410e-01,2.034702192759141326e-04,4.789230345636497077e-09
1.510026825801702444e-11,1.323183502284628447e-17,1.394951532063259947e-08,2.797022379333324871e-12,5.306749426565367266e-17,3.176967152893062085e-14,1.322594869179738453e-07,9.997949004173278809e-01,2.050362236332148314e-04,6.058650026119494214e-09
1.291642574147155997e-11,1.338345474758541678e-17,1.922281178678986180e-08,2.403587094981785022e-12,3.846922883558307859e-17,2.436941063711523664e-14,1.649158747341061826e-07,9.998663663864135742e-01,1.334291591774672270e-04,3.679129667588654229e-09
1.547691141912110879e-11,1.224734202857853454e-17,1.304407781788086140e-08,2.644955868907894470e-12,4.705787822294566706e-17,3.323232802224934668e-14,1.125603361629146093e-07,9.997791647911071777e-01,2.207344659836962819e-04,6.837159727268726783e-09
1.044168050634564082e-11,8.445557067558265318e-18,1.292223483773113912e-08,1.980110303154147822e-12,3.647010534860982173e-17,1.899003144404526333e-14,9.595359529157576617e-08,9.998148083686828613e-01,1.850712578743696213e-04,4.221354377165198457e-09
1.247755284511375962e-11,5.811710186022549796e-18,1.042440800347321783e-08,1.823958518942792040e-12,2.699019366663972253e-17,1.106161162829893269e-14,6.770976312964194221e-08,9.996378421783447266e-01,3.620487696025520563e-04,5.428563376597139722e-09
1.676295560693041864e-11,1.239255441229283110e-17,1.135530158791198119e-08,2.532233103758052550e-12,6.965824919418484831e-17,3.626034544780727675e-14,1.131489995032097795e-07,9.997176527976989746e-01,2.821981324814260006e-04,1.076520295129057558e-08
1.654814479890021062e-11,1.029377799538347334e-17,1.267548999095424733e-08,2.571330301459617829e-12,4.666965920041737969e-17,2.638900315171492650e-14,1.062529193518457760e-07,9.996854066848754883e-01,3.144877264276146889e-04,7.209037367061910118e-09
2.087010252116439091e-11,9.016483743787265443e-18,9.026436487147293519e-09,2.528674318547086131e-12,4.845363301006559405e-17,2.328477647782663251e-14,8.451558386468605022e-08,9.994025230407714844e-01,5.972911021672189236e-04,1.098013857614432709e-08
1.144757032223164828e-11,7.154781426338668177e-18,1.011294870068013552e-08,1.901817028512886587e-12,3.112973797846131934e-17,1.404500312303076995e-14,6.426407139770162757e-08,9.997496008872985840e-01,2.503296709619462490e-04,4.696781630286750442e-09
1.096080604751081822e-11,8.594237819580996724e-18,1.446814845706967390e-08,2.055534345166143417e-12,3.239153251973950860e-17,1.468778847461479908e-14,1.105891698216510122e-07,9.998636245727539062e-01,1.362145267194136977e-04,3.692307792846349912e-09
1.460595012992005337e-11,1.149314107992922284e-17,1.271118321710673627e-08,2.499045892098705757e-12,5.789510560897035405e-17,3.133761018693156930e-14,1.260879400888370583e-07,9.998040795326232910e-01,1.958568755071610212e-04,6.846621936063002067e-09
1.506353375368973957e-11,1.497062905461746501e-17,1.237231206374644898e-08,2.853783181988589490e-12,6.173186045756691507e-17,4.851277867379440167e-14,1.263475155610649381e-07,9.998006224632263184e-01,1.993164914892986417e-04,6.712380429263475889e-09
1.227093773814580402e-11,9.388849022695361487e-18,1.282345429842735030e-08,2.490064794982704832e-12,4.002057960464668030e-17,2.290660337193189955e-14,1.054287963597744238e-07,9.998010993003845215e-01,1.987808936974033713e-04,5.034617167609667376e-09
1.174930899100479209e-11,1.119997090004756622e-17,1.492353440823990240e-08,2.395962117943128966e-12,4.211502407668809786e-17,2.492724959551797376e-14,1.137050276156514883e-07,9.998360872268676758e-01,1.637282985029742122e-04,4.588045054987333060e-09
1.342967317213838996e-11,1.082325134239499104e-17,1.428580365114839879e-08,2.305746739372782628e-12,4.262526216573530745e-17,2.505851937355165621e-14,1.401608784590280266e-07,9.998432397842407227e-01,1.566677237860858440e-04,4.310848567001812626e-09
1.341967162393764568e-11,8.203177431648589702e-18,1.351114953251908446e-08,2.109796495494697943e-12,2.874067493328566480e-17,1.521159195513096390e-14,9.902504416459123604e-08,9.997639060020446777e-01,2.360144862905144691e-04,4.661124375360259364e-09
1.298154986284494328e-11,1.074117351893380431e-17,1.144985883883009592e-08,2.551669162423331194e-12,4.722732451706592967e-17,2.663418361456126177e-14,8.155240038831834681e-08,9.996962547302246094e-01,3.036427951883524656e-04,7.478286434547953831e-09
1.243886157270557291e-11,9.759322539542548757e-18,1.191417098311831069e-08,2.264153057748852227e-12,4.085991977220423748e-17,2.560573653879582440e-14,8.433573128741045366e-08,9.997859597206115723e-01,2.139468706445768476e-04,5.928337820648721390e-09
1.209077542946301875e-11,1.052607595398735265e-17,1.448285225080780947e-08,2.156033598182949262e-12,4.054776827880632653e-17,2.487286838623835317e-14,1.317119568966518273e-07,9.998608827590942383e-01,1.389850222039967775e-04,3.786916114023597402e-09
1.383727854520344636e-11,1.005434064091264884e-17,1.008205963159980456e-08,2.352399091493095895e-12,4.489468511583374227e-17,2.548952361843253439e-14,8.975609944172902033e-08,9.997937083244323730e-01,2.061423583654686809e-04,6.910100491808179868e-09
1.784807197868776285e-11,1.331929365619212864e-17,1.262565074711119451e-08,3.085669306873706219e-12,5.548414874734164599e-17,3.393527050078032348e-14,1.371511473280406790e-07,9.997910857200622559e-01,2.087665779981762171e-04,6.908092764490447735e-09
1.543404466730624591e-11,8.984730761613192370e-18,1.059788168333852809e-08,2.263139545558012777e-12,4.053786858123529190e-17,2.080764217610858724e-14,9.364239872411417309e-08,9.996930360794067383e-01,3.068971855100244284e-04,6.648969819167405149e-09
1.604289270873415774e-11,1.172506846161867840e-17,1.446655861769841067e-08,2.732325433615900856e-12,4.996018698587577399e-17,2.811779570299505898e-14,1.640615465703376685e-07,9.998319149017333984e-01,1.679179695202037692e-04,5.924213120067634009e-09
1.474076763430254289e-11,9.414360927147721967e-18,1.088587886499681190e-08,2.289333436364393570e-12,4.604291106773085104e-17,2.031185007515812213e-14,8.142707486058498034e-08,9.996384382247924805e-01,3.613928856793791056e-04,7.961667769507130288e-09
1.146820312325491642e-11,1.283257313914041417e-17,1.821353912134782149e-08,2.585019221248985311e-12,4.216347369952655379e-17,2.895037318597151743e-14,1.806016456384895719e-07,9.999214410781860352e-01,7.830424146959558129e-05,3.332258469157522995e-09
1.073693044195689339e-11,7.974861520513540662e-18,1.276375005687668818e-08,1.943127082848494780e-12,2.995124383358967017e-17,1.644943404578713686e-14,8.879778334858201561e-08,9.998416900634765625e-01,1.581414253450930119e-04,3.509706525406386390e-09
1.295254615368834905e-11,1.805270898007372145e-17,1.931138271515919769e-08,2.879253476265053457e-12,5.931959003312547280e-17,3.979194090116683347e-14,2.245567856107300031e-07,9.999181032180786133e-01,8.167719352059066296e-05,3.943940729556061342e-09
1.462198591373198298e-11,1.554498025858243467e-17,1.312950370646603915e-08,2.949166952315174228e-12,7.068932651900974710e-17,4.182510796577922074e-14,1.254159656127740163e-07,9.998199343681335449e-01,1.799169403966516256e-04,7.731845386160784983e-09
1.620564793469725373e-11,1.457250371707324258e-17,1.254637016501192193e-08,2.961858189265420549e-12,6.638980713108161985e-17,3.891428940693518468e-14,1.513055849500233307e-07,9.998396635055541992e-01,1.601531548658385873e-04,7.161329751426137591e-09
1.523593751162621857e-11,1.517481362574250457e-17,1.760998991073847719e-08,2.965130528262416298e-12,5.852066591029725655e-17,3.473865753432850423e-14,1.650406176167962258e-07,9.998357295989990234e-01,1.640467817196622491e-04,5.785941503688718512e-09
1.225787093356300872e-11,1.207543652649715178e-17,1.493911483407828200e-08,2.528030519297064238e-12,4.701291930229218490e-17,2.912240557755886583e-14,1.602478505446924828e-07,9.998915195465087891e-01,1.083665265468880534e-04,4.334819614371099306e-09
1.450656175044917617e-11,1.631963821096079530e-17,2.083782746353790571e-08,3.117400868696273974e-12,4.648180648330658710e-17,2.986956317593651711e-14,1.881649609458690975e-07,9.998825788497924805e-01,1.171466356026940048e-04,4.243461582120744424e-09
1.517361757075175177e-11,1.728110166979445638e-17,1.573352470529698621e-08,3.153814232340068635e-12,6.284306842269105076e-17,4.310271486517719408e-14,1.580359594299807213e-07,9.998455047607421875e-01,1.542981626698747277e-04,5.974837069544491897e-09
1.258303010398531541e-11,1.648019727657978818e-17,1.672786353879018861e-08,2.803907496809476818e-12,5.604883848175199628e-17,3.567214882857494551e-14,1.519034213970371638e-07,9.998692274093627930e-01,1.306429039686918259e-04,5.291952653863063460e-09
1.156217569603379403e-11,9.144819161463642581e-18,1.188960130349414612e-08,2.281069647405709055e-12,4.138895471349110207e-17,2.391139959374410234e-14,1.216745317833556328e-07,9.998635053634643555e-01,1.363716728519648314e-04,4.260679364875841202e-09
1.349881317835865957e-11,9.873501588215693379e-18,1.416779937812862045e-08,2.465280150160120698e-12,3.503453008680159199e-17,1.861439096666282073e-14,1.045053181769617368e-07,9.998247027397155762e-01,1.751915988279506564e-04,4.842652501224620210e-09
2.376604121834269279e-11,2.092616237451552856e-17,1.449671582776090872e-08,3.538292488863836738e-12,9.925064884315921423e-17,7.398729795059927339e-14,1.990209170799062122e-07,9.997038245201110840e-01,2.959330740850418806e-04,1.253418968616415441e-08
1.495199623835485880e-11,1.065382903651249246e-17,1.226352086547422005e-08,2.714016945210007137e-12,4.967892241655059310e-17,3.158548252048427873e-14,1.120199115689501923e-07,9.997252821922302246e-01,2.745514793787151575e-04,7.729005879753003683e-09
1.200007454515983341e-11,1.124535333717467553e-17,1.714353281556668662e-08,2.322379051220013757e-12,3.984969070753812521e-17,2.361875309859953059e-14,1.543662762060193927e-07,9.998821020126342773e-01,1.177790545625612140e-04,3.516079871701549564e-09
1.664549054147812512e-11,8.447558844640643645e-18,1.132744387177808676e-08,2.296754583394622351e-12,3.859425883953169383e-17,1.770684429159077866e-14,8.859429811991503811e-08,9.996703863143920898e-01,3.294499474577605724e-04,6.932956875260742891e-09
1.515340457280967001e-11,1.065614927813070370e-17,1.380975334086542716e-08,2.368897612792242313e-12,4.498161848949061526e-17,2.317606149311243757e-14,1.206937270126218209e-07,9.998056292533874512e-01,1.943257811944931746e-04,6.303084276737536129e-09
1.491331884373447991e-11,1.587715779461025442e-17,1.867956633816447720e-08,3.091339250554936413e-12,5.599578642598529530e-17,3.551298456152228444e-14,1.882356741589319427e-07,9.998492002487182617e-01,1.505355030531063676e-04,4.877756420995638109e-09
1.515497276283195305e-11,1.159007093128879918e-17,1.402356897273193681e-08,2.654154456979695986e-12,5.181880557400077357e-17,2.769060988264040318e-14,1.297020872925713775e-07,9.997680783271789551e-01,2.318437473149970174e-04,6.507772987163207290e-09
1.341107780383765657e-11,1.188845648493260264e-17,1.512306013751185674e-08,2.393314062557050370e-12,4.012220039726004486e-17,2.529065552901027525e-14,1.195297727463184856e-07,9.998156428337097168e-01,1.842969795688986778e-04,4.683842202979349167e-09
1.602763755048641769e-11,1.794933125583929426e-17,1.406907834677895153e-08,2.870688279102417972e-12,7.237458459435588314e-17,4.412411462682147567e-14,1.353173502138815820e-07,9.998056292533874512e-01,1.942726084962487221e-04,8.063520517964661849e-09
2.106480614938455176e-11,1.442591573200027033e-17,1.133745453074652687e-08,2.926649807916126278e-12,7.758636508392179228e-17,3.922146759932285121e-14,9.601206585330146481e-08,9.994570612907409668e-01,5.427750875242054462e-04,1.452695741477327829e-08
1.062891094583129359e-11,1.210882236320040453e-17,1.767829971299761382e-08,2.425127806904292527e-12,4.053288895394772267e-17,2.704622956801669420e-14,1.776175508894084487e-07,9.999172687530517578e-01,8.249446545960381627e-05,2.778910435097259324e-09
1.511390491926167812e-11,1.547658234809164992e-17,1.549751083018691133e-08,2.855537637944105533e-12,5.367104825396421441e-17,4.153763853600826728e-14,1.886158287334183115e-07,9.998887777328491211e-01,1.109614604501985013e-04,4.763688998821180576e-09
1.153536727943604845e-11,1.610893876533128809e-17,1.829705631450906367e-08,2.590204309718679987e-12,5.376445679745615251e-17,3.745674221635429679e-14,1.760341774570406415e-07,9.999034404754638672e-01,9.629677515476942062e-05,3.462421016564576348e-09
1.430279852887572645e-11,1.464383315565491526e-17,1.924313508538944006e-08,2.611259515908348483e-12,4.614503147743419763e-17,3.336931696674289016e-14,1.527183002281162771e-07,9.998434782028198242e-01,1.563905534567311406e-04,4.342853632266496788e-09
1.418693114374480757e-11,1.472363788679280626e-17,1.452998166229235721e-08,2.764493712073545773e-12,5.833027540306715128e-17,4.050951333276278654e-14,1.406922933711030055e-07,9.998195767402648926e-01,1.803700870368629694e-04,6.438226840543848084e-09
1.223700828167917365e-11,9.192659152190646937e-18,1.196121957036666572e-08,2.111937794785356814e-12,3.525708137624775898e-17,1.938745760883108654e-14,9.535592937481851550e-08,9.998322725296020508e-01,1.675606617936864495e-04,4.200913839014219775e-09
1.315828869474788831e-11,1.177887986918770306e-17,1.399370130883426100e-08,2.462077633783033015e-12,4.706221595807789514e-17,3.401388532268088960e-14,1.509021245738040307e-07,9.998866319656372070e-01,1.131835160776972771e-04,4.372323392232146944e-09
1.484384316852160879e-11,1.130452735665488147e-17,1.191733112193560373e-08,2.691899004050868349e-12,5.117441533320971395e-17,3.130006629857746969e-14,1.216483980215343763e-07,9.997935891151428223e-01,2.062768471660092473e-04,6.418185094503314758e-09
1.253000567885687033e-11,1.656958406793349346e-17,1.697807228140391089e-08,3.004987968527328412e-12,5.917069752286592782e-17,4.465176194285228051e-14,2.012450863730919082e-07,9.999073743820190430e-01,9.232474258169531822e-05,4.295333422277280988e-09
1.166434050042797210e-11,7.837050748920368592e-18,1.552348649624946120e-08,1.999434472155225961e-12,2.662540701650383733e-17,1.286756549294214291e-14,1.207483393272923422e-07,9.998469352722167969e-01,1.528749853605404496e-04,2.980193425372590355e-09
1.395389706559946319e-11,1.397798915849668032e-17,1.686013817447928886e-08,2.630956867297196133e-12,4.922598478289615684e-17,3.305990938363805032e-14,1.746746107755825506e-07,9.999006986618041992e-01,9.906009654514491558e-05,4.432167965973121682e-09
1.315527374534664062e-11,1.611228884681212785e-17,1.730045617875930475e-08,2.665244110480746720e-12,5.157368217999925956e-17,3.268294584079199649e-14,1.797698132577352226e-07,9.999054670333862305e-01,9.422724542673677206e-05,3.986690089163857920e-09
1.578783805078476377e-11,1.621634816787129873e-17,1.858314568892183161e-08,2.812338903424027592e-12,5.893688334219923880e-17,4.212035654613775770e-14,2.369482103858899791e-07,9.998962879180908203e-01,1.034419401548802853e-04,4.354363980496600561e-09
1.067768529844359549e-11,7.104511178971983026e-18,1.053807618944802016e-08,1.984894019979588364e-12,2.985946649026568664e-17,1.617474464912435628e-14,6.318614254041676759e-08,9.997406601905822754e-01,2.592462114989757538e-04,4.546960141738054517e-09
1.648161988831997604e-11,9.462728659105535154e-18,1.003643923525032733e-08,2.388210289250292107e-12,4.958947441383155890e-17,2.461096071674963998e-14,8.635057469064122415e-08,9.996435642242431641e-01,3.562899364624172449e-04,8.485707247984919377e-09
1.339189002746987711e-11,1.151770751694143521e-17,1.375433011929771965e-08,2.600973906738413000e-12,5.252074111564592222e-17,2.975431587313309700e-14,1.067448280878124933e-07,9.997839331626892090e-01,2.159395080525428057e-04,6.018732179313701636e-09
1.826587665842982489e-11,1.959976502739694783e-17,1.603197219424146169e-08,3.466510498789654449e-12,8.011791495269338114e-17,5.808152353167783666e-14,2.303111727997020353e-07,9.998798370361328125e-01,1.199202451971359551e-04,6.343788605533973168e-09
1.258561570932625884e-11,7.035377077736026079e-18,1.000872096312832582e-08,2.038607130327996231e-12,3.355865789427222895e-17,1.360645689678753947e-14,6.191299206648182007e-08,9.996627569198608398e-01,3.371282073203474283e-04,6.246297257206379072e-09
1.459566321970751090e-11,9.544002463011320335e-18,1.175127284369636982e-08,2.481725328712380829e-12,4.153925673951443741e-17,2.213833601844277660e-14,1.183954907446604921e-07,9.997652173042297363e-01,2.347133704461157322e-04,5.263510072239796500e-09
1.619216739856543796e-11,1.017320318621406871e-17,1.259357063077004568e-08,2.407706195875491950e-12,4.274917051277330078e-17,2.726194344869394687e-14,1.183835820484091528e-07,9.997513890266418457e-01,2.485296281520277262e-04,5.950563153334087474e-09
1.241219800551807140e-11,1.336742812321720187e-17,1.588131226526456885e-08,2.480073221441947418e-12,5.146827290018040214e-17,2.941653268629523810e-14,1.210937199402906117e-07,9.998354911804199219e-01,1.643368887016549706e-04,5.179089157536509447e-09
1.679530819975738609e-11,1.372086337380702188e-17,1.323059262148262860e-08,2.806108427219622392e-12,6.058502416909889539e-17,3.645186976157684111e-14,1.270281728693589685e-07,9.997708201408386230e-01,2.291155542479828000e-04,8.004719553866834758e-09
1.387453346657352427e-11,1.618130879712355248e-17,1.635477175909727521e-08,2.854785201636400593e-12,6.263371231837632966e-17,4.020823048968800995e-14,1.864328993406161317e-07,9.998693466186523438e-01,1.303403987549245358e-04,5.166004513057487202e-09
1.293199922147714176e-11,9.433582123041616671e-18,1.209482203279321766e-08,2.467371792991279733e-12,4.090186775542802662e-17,2.655241783009690965e-14,9.923784460852402844e-08,9.997972846031188965e-01,2.025606227107346058e-04,5.477934106323800734e-09
1.455238360370536554e-11,1.501276398065969113e-17,1.574520069880236406e-08,2.875361840987133988e-12,6.531703328593914805e-17,4.122927110936265571e-14,2.225267792255181121e-07,9.998873472213745117e-01,1.123892579926177859e-04,4.881619553032123804e-09
1.886583597676683155e-11,1.256379320680049613e-17,1.133122040641865169e-08,2.659477889646599813e-12,5.755901881736760870e-17,3.419069836822254127e-14,1.089420322841760935e-07,9.996393918991088867e-01,3.604982339311391115e-04,9.655388488738481101e-09
1.117787026133632011e-11,6.682666437362802525e-18,1.093783641437084952e-08,1.911031879617275386e-12,2.765327488055203037e-17,1.305517905559423417e-14,6.877915126324296580e-08,9.997383952140808105e-01,2.614967816043645144e-04,4.222295846290080590e-09
1.312038758888300904e-11,1.495156254149811772e-17,1.806079019672779395e-08,2.602187128969424279e-12,5.316929372927934867e-17,3.843623417590022462e-14,1.758665035822559730e-07,9.998841285705566406e-01,1.155779245891608298e-04,4.144844023556970569e-09
1.486006109829851596e-11,7.814893061851910640e-18,1.114443115568519715e-08,2.157865249333146274e-12,3.636164211796941853e-17,1.880786684434285899e-14,7.623089715025344049e-08,9.996058344841003418e-01,3.940136521123349667e-04,7.068297502854647973e-09
1.513939494601768132e-11,1.608835851169096876e-17,1.765806345588316617e-08,2.678599963362726655e-12,4.645900607690217545e-17,3.581734721639327768e-14,1.499031299090347602e-07,9.998687505722045898e-01,1.311251544393599033e-04,4.645539064540571417e-09
1.559998311084775935e-11,2.140134289484151573e-17,1.738302835008198599e-08,3.376546221442455753e-12,8.220513648362598566e-17,6.401468439533319899e-14,2.074317677625003853e-07,9.998871088027954102e-01,1.126107817981392145e-04,7.115295019843870250e-09
1.748444097837698052e-11,1.736093452507317419e-17,1.483884659592149546e-08,3.120256223537731799e-12,7.355602350220822108e-17,4.193396864016034342e-14,1.168360697079151578e-07,9.997243285179138184e-01,2.754773013293743134e-04,1.086190426491384642e-08
1.254132561689935699e-11,1.169426921869087897e-17,1.592514742299044883e-08,2.461548326282425592e-12,4.104622731593078101e-17,2.800032239760625458e-14,1.504711093502919539e-07,9.998948574066162109e-01,1.050500286510214210e-04,3.356293909462237934e-09
1.913921625351644451e-11,1.841827483434663160e-17,1.446023745188540488e-08,3.508314298794612540e-12,7.884313036707565913e-17,5.087358147053654134e-14,1.466320327381254174e-07,9.997249245643615723e-01,2.749868726823478937e-04,1.002872096478313324e-08
1.671997262864266531e-11,1.417689300859118135e-17,1.262929671952406352e-08,2.628443686661374734e-12,6.142489042352603629e-17,3.636284659882041415e-14,1.429221754278842127e-07,9.997861981391906738e-01,2.137346309609711170e-04,7.630585940887613106e-09
1.449271605502566729e-11,1.555901751357745955e-17,1.734169963185649976e-08,2.884402786063056112e-12,6.136855611508872490e-17,4.604451111296821442e-14,1.644584699533879757e-07,9.998642206192016602e-01,1.355136337224394083e-04,5.394077629006233110e-09
1.485648409849105178e-11,1.196960869328834252e-17,1.285424477970309454e-08,2.351126238142597913e-12,4.706360893022943444e-17,3.161122893394902045e-14,1.017209925180395658e-07,9.997827410697937012e-01,2.171398809878155589e-04,5.979808648248763348e-09
2.557542719272554166e-11,1.946367727301972372e-17,1.217379619333769369e-08,3.797997940452324528e-12,9.740287955594846016e-17,7.183199889938818306e-14,1.670490235028410098e-07,9.996643066406250000e-01,3.354827640578150749e-04,1.442278207974823090e-08
1.002088169388404282e-11,5.152991522660846631e-18,9.508518417078448692e-09,1.619898442814515782e-12,2.249734066286202634e-17,1.002788245507441750e-14,5.235863298480580852e-08,9.997016787528991699e-01,2.982084988616406918e-04,4.488885707587542129e-09
1.592622908552776551e-11,1.222853111426846614e-17,1.119667469851037822e-08,2.606215807401945916e-12,5.958553852622862183e-17,3.890511773418231511e-14,1.137625673663933412e-07,9.997679591178894043e-01,2.319421328138560057e-04,8.424028585807263880e-09
1.420172052873924784e-11,1.385883792716147944e-17,1.306301111725360897e-08,2.872575658244280739e-12,5.902531225840360767e-17,4.271304582812232575e-14,1.299438139312769636e-07,9.998200535774230957e-01,1.798054727260023355e-04,6.536337693319183018e-09
2.030295549737548555e-11,1.405509066339274803e-17,1.064652366267182515e-08,2.908784107677475639e-12,7.808230949198408555e-17,4.586693234964224486e-14,1.193890852846379858e-07,9.995688796043395996e-01,4.310095973778516054e-04,1.324743781339066118e-08
1.551912418018552842e-11,1.515593570980281938e-17,1.413991679299897442e-08,2.822697804660823095e-12,5.711418093627129169e-17,4.005741457936348726e-14,1.572248606862558518e-07,9.998307228088378906e-01,1.691590878181159496e-04,6.280357123245039475e-09
1.670178925716747642e-11,1.151888624931432327e-17,1.159461238131598293e-08,2.592680844321071376e-12,4.536125468598305242e-17,2.988369168549671884e-14,9.342571161141677294e-08,9.997032284736633301e-01,2.965730964206159115e-04,7.444665328648625291e-09
1.864311829913312124e-11,1.689575627271417823e-17,1.390481596530435127e-08,3.420944734086606154e-12,7.123100408877887217e-17,5.445044914086094590e-14,1.635909256947343238e-07,9.998088479042053223e-01,1.910824357764795423e-04,9.561116343093090109e-09
2.116426651987968199e-11,1.219286391343579214e-17,1.110074254739856769e-08,2.940490732850076228e-12,5.783171048682429001e-17,3.335003510873159327e-14,1.166241005989832047e-07,9.996317625045776367e-01,3.680812951643019915e-04,1.125209259100756753e-08
1.786620851262910037e-11,2.086292441668584959e-17,1.758877843371919880e-08,3.300575958375961960e-12,8.466124748053273840e-17,6.477287375081589027e-14,2.325890449128564796e-07,9.998511075973510742e-01,1.486444234615191817e-04,6.943660757485758950e-09
1.640993764484566242e-11,2.154267993738600136e-17,1.764260204595302639e-08,3.327757123680608053e-12,8.421286926641469443e-17,6.199513423238087184e-14,2.469499520429963013e-07,9.998853206634521484e-01,1.144773486885242164e-04,5.861596541478775180e-09
1.279455014158159543e-11,1.151308854040093910e-17,1.654316683641354757e-08,2.240810184975239316e-12,3.705330076768420836e-17,2.069169691815662959e-14,1.351328791088235448e-07,9.998711347579956055e-01,1.287185878027230501e-04,3.674616833038157893e-09
1.415473033922198809e-11,1.718479468543613248e-17,1.293676277214217407e-08,3.006980732120356770e-12,7.306516790927435404e-17,6.182498903020000602e-14,1.797919537693815073e-07,9.998950958251953125e-01,1.047037876560352743e-04,5.887952791994166546e-09
1.508276663286789443e-11,1.271059377729089450e-17,1.259310788981338192e-08,2.706724818238304131e-12,5.173081671788228291e-17,3.589834050680973387e-14,1.280110524248811998e-07,9.998195767402648926e-01,1.803339691832661629e-04,5.588850715554372073e-09
1.296528943234287468e-11,1.466898440936020262e-17,1.927905302068211313e-08,2.519921120727741659e-12,4.367404446439129124e-17,3.461409964536886485e-14,1.844731656319709145e-07,9.999001026153564453e-01,9.970490646082907915e-05,3.153052929860677978e-09
1.406609898002564307e-11,1.418378838617742339e-17,1.392002157984961741e-08,2.612040791993841538e-12,5.438155669547786264e-17,3.511149433265553510e-14,1.557771582838540780e-07,9.998718500137329102e-01,1.280517608392983675e-04,5.085537768678705106e-09
1.434457153753898595e-11,1.083868653262523053e-17,1.364862800556920774e-08,2.439045710192488947e-12,4.630152081443942962e-17,2.739691814883891963e-14,1.107663791799495812e-07,9.997996687889099121e-01,2.002040564548224211e-04,5.458839158478667741e-09
1.624731599259021664e-11,1.291237869745891773e-17,1.242805325318840914e-08,2.684103373590263075e-12,6.006878405752700103e-17,3.752373574621853392e-14,1.501637143519474193e-07,9.998536109924316406e-01,1.461885112803429365e-04,5.593722818275637110e-09
1.788587507267624943e-11,1.655089474917347035e-17,1.417487105470627284e-08,3.261997442993713747e-12,7.163347047017777289e-17,4.965264107530988069e-14,1.587320355156407459e-07,9.997782111167907715e-01,2.217262954218313098e-04,8.753430869035128126e-09
2.036365867597034196e-11,1.295819044132394206e-17,9.096493336357980297e-09,2.763522050086564263e-12,6.904424295165408651e-17,5.218007219343588632e-14,9.875774509282564395e-08,9.996645450592041016e-01,3.353078791406005621e-04,1.163816509830439827e-08
8.487948191526761832e-12,4.771020195299172277e-18,8.393523209804243379e-09,1.557347241616657829e-12,2.075933824293705904e-17,1.000665072721854121e-14,4.650737395195392310e-08,9.997488856315612793e-01,2.510725753381848335e-04,3.703881423788857319e-09
1.423987837367857168e-11,1.099754408772420184e-17,1.501244639712240314e-08,2.317919727684580877e-12,4.595351269584857002e-17,2.421652966046530797e-14,1.341109481245439383e-07,9.997968077659606934e-01,2.030843315878883004e-04,5.451883389184786211e-09
1.765968621336710953e-11,1.648245547965205795e-17,1.432740148743505415e-08,3.050125907053113927e-12,6.864389415262332154e-17,4.130233278326102264e-14,1.574210841681633610e-07,9.998230338096618652e-01,1.768683723639696836e-04,7.577001248648684850e-09
1.483547659719697265e-11,1.093969107568224308e-17,1.325366039139908025e-08,2.530901269809371357e-12,4.620000259222202164e-17,2.260825126285462283e-14,1.440329100432791165e-07,9.997904896736145020e-01,2.094217052217572927e-04,5.814908554668818397e-09
1.581773774461670001e-11,1.824804602736689382e-17,1.682276895564882579e-08,3.011294338883807598e-12,7.288179189363869844e-17,4.374881126855204028e-14,1.581624644586554496e-07,9.998313188552856445e-01,1.684720627963542938e-04,8.197449830049663433e-09
1.536894222997631232e-11,1.224065510050665587e-17,1.301601137981833745e-08,2.680668621107828997e-12,5.246839381776111642e-17,2.961408448651746406e-14,1.183024949114042101e-07,9.997594952583312988e-01,2.404098631814122200e-04,7.137125113132469778e-09
1.416938268106182619e-11,1.168948811475032247e-17,1.286249418086526930e-08,2.433109920138565307e-12,4.350301660093982723e-17,3.148710811399016429e-14,1.100809257081891701e-07,9.998139739036560059e-01,1.859390322351828218e-04,5.573915995427114467e-09
1.314548209868648954e-11,1.259758188046206220e-17,1.328879140061189901e-08,2.334471591730613582e-12,5.091847241679600634e-17,2.926416501161134553e-14,1.134591229856596328e-07,9.998074173927307129e-01,1.925276010297238827e-04,5.881533038376574041e-09
1.230010190922392610e-11,9.322478531885944206e-18,1.521939019255569292e-08,2.366107960602437110e-12,3.360369622426451620e-17,1.922595722490989811e-14,1.307269315020676004e-07,9.998708963394165039e-01,1.289466017624363303e-04,3.790292080196877578e-09
1.348981169824181592e-11,1.702478486774387480e-17,2.198605209002835181e-08,2.754235858479225918e-12,5.128156500103738294e-17,3.402620118173396713e-14,2.225509518893886707e-07,9.999015331268310547e-01,9.815608791541308165e-05,3.680319160537237622e-09
1.618665618208225965e-11,1.149270101984334463e-17,1.090199841513594947e-08,2.494992493856651450e-12,5.246491965918839370e-17,2.865111983383836214e-14,1.033676326755994523e-07,9.997047781944274902e-01,2.950648195110261440e-04,7.926873379915377882e-09
1.468476902577453558e-11,1.368753792128848550e-17,1.734984067525147111e-08,2.724244007462628403e-12,4.822095041247687758e-17,2.989283964132706528e-14,1.522800943121183082e-07,9.998186230659484863e-01,1.812740374589338899e-04,5.226405530578404068e-09
1.412032296643772611e-11,8.790086064492726875e-18,1.176560804339032984e-08,2.098454439727892584e-12,4.006444333816914225e-17,2.116048391468273310e-14,8.020482766823988641e-08,9.996873140335083008e-01,3.125922812614589930e-04,5.985490769688794899e-09
1.732285322131321692e-11,1.439404115427615196e-17,1.225897516832219480e-08,2.647930702828760197e-12,6.172881643291271993e-17,3.834501889187630352e-14,1.148595245581418567e-07,9.997283816337585449e-01,2.714538713917136192e-04,8.335931944714047859e-09
1.387672962649411090e-11,1.246760450926976730e-17,1.473247301930769027e-08,2.336130854735385398e-12,4.727660462923938885e-17,2.841608343756834437e-14,1.450259645707774325e-07,9.998655319213867188e-01,1.342672912869602442e-04,4.416106147431264617e-09
1.389517320649069632e-11,1.142777313202221983e-17,1.191019727286857233e-08,2.501027379989140265e-12,4.994389152780847935e-17,3.335639463209957856e-14,1.083501857124247181e-07,9.997918009757995605e-01,2.080710546579211950e-04,5.908369349327813325e-09
1.107787906545754097e-11,1.349876372497530884e-17,1.563330620513170288e-08,2.614218520477495922e-12,5.158856812230276385e-17,2.692625412730170059e-14,1.394636370832813554e-07,9.998621940612792969e-01,1.376997824991121888e-04,4.915551965467557238e-09
1.261891025700068170e-11,1.111453472329941420e-17,1.222219747631925202e-08,2.155393051539444826e-12,4.370535159621519823e-17,3.208345657830687092e-14,1.357614110020222142e-07,9.998766183853149414e-01,1.232634385814890265e-04,4.049161894670305628e-09
1.384998799675019043e-11,9.705237335190769043e-18,1.043708230952233862e-08,2.168977020558515711e-12,4.830410191637315813e-17,2.686768857526264376e-14,1.105798119738210517e-07,9.998171925544738770e-01,1.826619118219241500e-04,5.848667772312410307e-09
1.343843179096859686e-11,1.197204308583108608e-17,1.343255906505191888e-08,2.366325885239106697e-12,4.601343365942191135e-17,2.548299977067278177e-14,1.022673643547022948e-07,9.997723698616027832e-01,2.275285514770075679e-04,6.079488912291708402e-09
2.150543632062351662e-11,1.466326362824378588e-17,1.235202518046207842e-08,2.897411694249840686e-12,7.445568498875559525e-17,4.505613547187148349e-14,1.246692278300542966e-07,9.996817111968994141e-01,3.182024229317903519e-04,1.064486276902698592e-08
1.464186237531972523e-11,9.894875108063451062e-18,1.353479106569466239e-08,2.398878188106245979e-12,3.940147462082014163e-17,2.185201008315061644e-14,8.323419820044364315e-08,9.996639490127563477e-01,3.359609690960496664e-04,6.686419862234060929e-09
1.566760783611176322e-11,1.170227467265916717e-17,1.155593665203014098e-08,2.577318783739124264e-12,5.329787730113949172e-17,3.186283837686501585e-14,9.950033330596852466e-08,9.997475743293762207e-01,2.523208968341350555e-04,8.306935583846097870e-09
1.389891153558142634e-11,1.261486581936135771e-17,1.402050653354081078e-08,2.403458291763693744e-12,5.420768663944166644e-17,3.777778464402262171e-14,1.410532775025785668e-07,9.998738765716552734e-01,1.259445416508242488e-04,5.112419820818558946e-09
1.513983036161015150e-11,1.580522285982019292e-17,1.553283013322470651e-08,3.095181663054225041e-12,6.115489205414382764e-17,3.602151264986766521e-14,1.552747619371075416e-07,9.998096823692321777e-01,1.902447256725281477e-04,6.700838994788682612e-09
1.497033746966636159e-11,1.321322842214751666e-17,1.139691274687493205e-08,2.876907479604229323e-12,6.219387060817983294e-17,4.504475473719217471e-14,1.474931394795930828e-07,9.998525381088256836e-01,1.473439187975600362e-04,6.516906125852983678e-09
1.380867902661675473e-11,1.160603551711107261e-17,1.523506831802023953e-08,2.356055238059151513e-12,4.762492045901811817e-17,2.293455715325718597e-14,1.037909882484200352e-07,9.997751116752624512e-01,2.247358206659555435e-04,6.008482600350362191e-09
1.638944535642394840e-11,1.232167661432561237e-17,1.219787115758208529e-08,2.718331419335195953e-12,5.697876816127391084e-17,3.780105772128138086e-14,1.491008987386521767e-07,9.997878670692443848e-01,2.120271965395659208e-04,6.820898512671647040e-09
1.557264039941941292e-11,1.057552150228332244e-17,1.188057208167947465e-08,2.429778383702951849e-12,5.020838749175598526e-17,3.102110446772873842e-14,1.067555004397036100e-07,9.996874332427978516e-01,3.124855866190046072e-04,7.933179446695248771e-09
2.105447066691468194e-11,1.877846897772162240e-17,1.343236100126432575e-08,3.179052941032489699e-12,9.462496221353407753e-17,5.193530338860191664e-14,1.655995447435998358e-07,9.997519850730895996e-01,2.477176603861153126e-04,1.145377392930413407e-08
1.158921136140689256e-11,6.720720881443304563e-18,1.337399613277057142e-08,1.800917596474216342e-12,2.673268407014583949e-17,1.326765134118234463e-14,9.511558118902030401e-08,9.997785687446594238e-01,2.213178086094558239e-04,3.325097308604085811e-09
1.438876448545123310e-11,1.672489053666277462e-17,1.730148824208299629e-08,2.910081463997071793e-12,6.024082439004822993e-17,4.040150985572428521e-14,1.926138537555743824e-07,9.998677968978881836e-01,1.318937138421460986e-04,4.854411983501449868e-09
1.669708815654757927e-11,1.715459597563304654e-17,1.663398663254156418e-08,2.956839417408985149e-12,6.029302941286767662e-17,4.626044352814585869e-14,1.862634633198467782e-07,9.998298883438110352e-01,1.697827974567189813e-04,6.033112232017856513e-09
1.494317690420299272e-11,1.319018565182362697e-17,1.137718985688707107e-08,2.572686855217831692e-12,5.523022746034501797e-17,3.395949903120358548e-14,9.155444757880104589e-08,9.997245669364929199e-01,2.753260778263211250e-04,7.901324039494284079e-09
1.744739942799444776e-11,1.640052158561745545e-17,1.419651152190226640e-08,3.114061526005018621e-12,7.193617225225787805e-17,4.586733214919334889e-14,1.539977461106900591e-07,9.997835755348205566e-01,2.162751625292003155e-04,7.607358298855615431e-09
1.348236106091249553e-11,7.198666666557056507e-18,1.022478279821825708e-08,2.077746828754722941e-12,3.257431296533412602e-17,1.489503880208308678e-14,7.678224989149384783e-08,9.997305274009704590e-01,2.693106362130492926e-04,5.376470824103307677e-09
1.268352783911907977e-11,1.385959148869951525e-17,1.623631185054819071e-08,2.512633547405163092e-12,4.874186244014847144e-17,3.046105305926777307e-14,1.531350477534942911e-07,9.998744726181030273e-01,1.253996597370132804e-04,4.025051403289126029e-09
1.838137801690731266e-11,1.525249250270613430e-17,1.310581509983421711e-08,2.789852550366678230e-12,6.869361763360510914e-17,4.193783788666340107e-14,1.399829443471389823e-07,9.997078776359558105e-01,2.919918333645910025e-04,9.647416199243252777e-09
1.176642724226573122e-11,1.195902739889256419e-17,1.429715812406584519e-08,2.317592298628490255e-12,4.361849763189713032e-17,2.949590306158475506e-14,1.648238736606799648e-07,9.999167919158935547e-01,8.295966836158186197e-05,3.066991105526994943e-09
1.309846588831709013e-11,9.080683712669343580e-18,1.092296475491139063e-08,2.165324343439412047e-12,4.254247462130855023e-17,2.180441191371260828e-14,9.393102828880728339e-08,9.997530579566955566e-01,2.468267921358346939e-04,6.327722790189227453e-09
1.183220795647477175e-11,1.159468825346807018e-17,1.581428499264347920e-08,2.315090827376131699e-12,3.997766878318987944e-17,2.656627359504809549e-14,1.647931782144951285e-07,9.999184608459472656e-01,8.126162720145657659e-05,3.024247963168136266e-09
1.817630074230081050e-11,1.423180125765245133e-17,1.526635173831891734e-08,2.756470615997153040e-12,6.579538852545611374e-17,4.055220040517261426e-14,1.851801414431974990e-07,9.997760653495788574e-01,2.236592699773609638e-04,7.129746570910810988e-09
9.354596958166538911e-12,1.063016009046490013e-17,1.787107528627984721e-08,2.112952608018803247e-12,3.241163962606944760e-17,2.392150130867305713e-14,1.628997381430963287e-07,9.999349117279052734e-01,6.482785101979970932e-05,1.827543893995198232e-09
1.547195531415024305e-11,1.241165318545606796e-17,1.164514262796956245e-08,2.811908041480681852e-12,5.815497267021001323e-17,3.679059823718383582e-14,1.332129073716714629e-07,9.998118281364440918e-01,1.880206400528550148e-04,6.582763223406118414e-09
1.081416380055433279e-11,7.000476673331188735e-18,1.085886669471847199e-08,1.669380128924147222e-12,2.769122427269473817e-17,1.305012480999796776e-14,6.491232085181763978e-08,9.997670054435729980e-01,2.328454866074025631e-04,4.253659202646531412e-09
1.504995260359631715e-11,8.168239804116187472e-18,8.248027150159487064e-09,2.189662080126497656e-12,4.114998223452453238e-17,1.886553792958961528e-14,4.915139584227290470e-08,9.994136095046997070e-01,5.864179693162441254e-04,1.203737287625017416e-08
1.319817952843971298e-11,2.232175668859662026e-17,3.311041396614200494e-08,3.215512491688832242e-12,5.029940052019396979e-17,3.886293888154083997e-14,2.855928471490187803e-07,9.999382495880126953e-01,6.140093319118022919e-05,3.014851035487708941e-09
1.165781013390265741e-11,1.082879097095725866e-17,1.410570327209370589e-08,2.244881580973356883e-12,3.985348581218851850e-17,2.452740599870068677e-14,1.175748280957122915e-07,9.998552799224853516e-01,1.446252426831051707e-04,4.091837535469267095e-09
1.541495750490007310e-11,2.191828445557285506e-17,1.510769109813736577e-08,3.348649699544403724e-12,8.790932104823246111e-17,7.228394179872518754e-14,2.264385443595529068e-07,9.999051094055175781e-01,9.464202594244852662e-05,5.946473979889788097e-09
1.389942848317726742e-11,8.310490054056931641e-18,1.256923098935658345e-08,2.293362982158653196e-12,3.522027183898914925e-17,1.844620241059011234e-14,9.412182322421358549e-08,9.997566342353820801e-01,2.432031469652429223e-04,5.271541869689144733e-09
1.225539027899236189e-11,1.677576379869601093e-17,1.691135231851603749e-08,2.842237296213356856e-12,5.994080267315279658e-17,4.842454155761302670e-14,1.891137770826389897e-07,9.998989105224609375e-01,1.008278486551716924e-04,4.475142478810312241e-09
1.476474498218749432e-11,1.483199027523112736e-17,1.350445888448348342e-08,2.822096506135962635e-12,6.334157378192980820e-17,4.221734520673016411e-14,1.232313309174060123e-07,9.998198151588439941e-01,1.801280886866152287e-04,7.216183650626817325e-09
1.253547959878531515e-11,1.448790795582744444e-17,1.534399807212594169e-08,2.683520723342769365e-12,5.069872030654271880e-17,3.212510349425747036e-14,1.503167936789395753e-07,9.998692274093627930e-01,1.306080230278894305e-04,4.433076572496474910e-09
1.841296039251094641e-11,1.143459902643700741e-17,1.354300582789846885e-08,2.772607230611123796e-12,5.584698655995435626e-17,2.930968456219679164e-14,1.304048140582381166e-07,9.997175335884094238e-01,2.823404793161898851e-04,8.312105670427172299e-09
1.113518999229512474e-11,9.373558589072318771e-18,1.303763408344593699e-08,2.232251709866073242e-12,3.662054634097606598e-17,1.831724333843653962e-14,8.765788805931151728e-08,9.997962117195129395e-01,2.036817895714193583e-04,4.567727085458272995e-09
1.155909309241698324e-11,7.122076359279546568e-18,1.288312390101964411e-08,1.853786221750475249e-12,2.467313173070313374e-17,1.363881863757033727e-14,7.488322495419197367e-08,9.997532963752746582e-01,2.466019359417259693e-04,4.032040035184536464e-09
1.572696486928926163e-11,1.443177547945959598e-17,1.339874522443551541e-08,2.932091635460265522e-12,6.805295632301543857e-17,3.725630372784782818e-14,1.688092794438489364e-07,9.998211264610290527e-01,1.786977663869038224e-04,7.385474454224549845e-09
1.767199754587611693e-11,1.327238176211240878e-17,1.234384061632454177e-08,2.895624278548281083e-12,6.700458761466573129e-17,4.006393334492555636e-14,1.403140714728579042e-07,9.997035861015319824e-01,2.963105507660657167e-04,8.386502159396513889e-09
1.635386097376123615e-11,2.042743533087260690e-17,1.956617268206173321e-08,3.420223089120599802e-12,7.339328067977208821e-17,6.090912279752003222e-14,2.492553790034435224e-07,9.998821020126342773e-01,1.176879959530197084e-04,5.242212441913807197e-09
1.602410912293628087e-11,1.295145801831837297e-17,1.347854894362399136e-08,2.523909033158577842e-12,5.261749146881257455e-17,3.659836241573857785e-14,1.508299192209960893e-07,9.998162388801574707e-01,1.836617593653500080e-04,5.727361696017396753e-09
1.596725876518156895e-11,1.545825037135624972e-17,1.312436292977281482e-08,2.761136371626227159e-12,5.787842964782128501e-17,3.981328951956943085e-14,1.234433426589021110e-07,9.997792840003967285e-01,2.206031786045059562e-04,7.167579418876357522e-09
1.501222583744077355e-11,1.779655926850687558e-17,1.631648238742400281e-08,2.987495884357316278e-12,6.578359623864355778e-17,5.121842552402271209e-14,2.318191576478056959e-07,9.999096393585205078e-01,9.006178879644721746e-05,4.617494830938539963e-09
1.767378431105637304e-11,2.023483790576821015e-17,1.688996498216965847e-08,3.335144877283924281e-12,7.523490897811524860e-17,5.818969980343757786e-14,2.079726186821062583e-07,9.998694658279418945e-01,1.302998862229287624e-04,6.806691210670123837e-09
1.806461924491742366e-11,1.882614105078427849e-17,1.876288457935970655e-08,3.168696858721342657e-12,6.942338945722389227e-17,4.528048739454483551e-14,1.809600576052616816e-07,9.997926354408264160e-01,2.071268681902438402e-04,7.898862897093295032e-09
1.216741724735515007e-11,1.351391601943605520e-17,1.722609077603465266e-08,2.466008300339161963e-12,4.804533004226451917e-17,3.053532090808303012e-14,1.834546594636776717e-07,9.998930692672729492e-01,1.066631302819587290e-04,3.565608475142312273e-09
1.527612064622374533e-11,1.598700407123484628e-17,1.831169882393623993e-08,2.804294556985054143e-12,5.992260469967662997e-17,3.737099876516963848e-14,1.988263136354362359e-07,9.998699426651000977e-01,1.297898561460897326e-04,5.362205790504503966e-09
1.638592213304423950e-11,6.086078550580876099e-18,8.146316510249107523e-09,2.013173482084962274e-12,3.477839526448577208e-17,1.376857476772727629e-14,4.824537924719152215e-08,9.993002414703369141e-01,6.997518357820808887e-04,9.782685772563581850e-09
1.211499563863460693e-11,1.914716984651610853e-17,2.330326687172146194e-08,2.938098982857573205e-12,6.027985408007093199e-17,4.161150997340420932e-14,2.390954136899381410e-07,9.999241828918457031e-01,7.561685197288170457e-05,3.319061248063803760e-09
1.408604222846721044e-11,1.460243276599663623e-17,1.547635797294333315e-08,2.672284919388867586e-12,5.592967815143005733e-17,3.193255935281941182e-14,1.691730062702845316e-07,9.998733997344970703e-01,1.263626909349113703e-04,5.402343461469172325e-09
1.485357496722183868e-11,1.217305293776514713e-17,1.343554956179104920e-08,2.413576283277762968e-12,4.917385255197061482e-17,3.116422254262861402e-14,1.640773490407809732e-07,9.998404979705810547e-01,1.594037603354081511e-04,4.483125426446576967e-09
1.485454120819795776e-11,1.347478210465617146e-17,1.746337296992805932e-08,2.720783667808923667e-12,5.246234878184457889e-17,3.906589136383475935e-14,1.802202547196429805e-07,9.998617172241210938e-01,1.379940513288602233e-04,4.879176174199528759e-09
1.261512509037610030e-11,1.008742124796986953e-17,1.284870343454258546e-08,2.218528312447620721e-12,3.964407676831459401e-17,2.358903240654627170e-14,9.100749309709499357e-08,9.997711777687072754e-01,2.287213719682767987e-04,4.880177151278530800e-09
1.436766070700423725e-11,2.163200055429070239e-17,1.864832022135942680e-08,3.136562407371479289e-12,6.572521713973201530e-17,5.759460833601459662e-14,1.993322200632974273e-07,9.999030828475952148e-01,9.671006409917026758e-05,4.923278229540528628e-09
1.435627571683140147e-11,1.473690420945693172e-17,1.815502059798745904e-08,2.742510428824229685e-12,5.102897051174328999e-17,3.272924127355712753e-14,1.849679875931542483e-07,9.998809099197387695e-01,1.188139940495602787e-04,4.375860118699392842e-09
1.455006080897103260e-11,1.587047417526082595e-17,1.606982102941856283e-08,2.797426569903227467e-12,6.058507049121319835e-17,4.818952040793605951e-14,1.416829746858638828e-07,9.998326301574707031e-01,1.671884965617209673e-04,6.345304282007191432e-09
1.141201456250628965e-11,1.024980755556199205e-17,1.353959255823156127e-08,2.302753474014984647e-12,3.963808136323480967e-17,2.569433618507862421e-14,1.217122189700603485e-07,9.998679161071777344e-01,1.319439179496839643e-04,3.497495848492349069e-09
1.426807283433362272e-11,1.125441427360458139e-17,1.227921497815032126e-08,2.381847974061712669e-12,4.477945885650510551e-17,3.014433727589402312e-14,1.246870198201577296e-07,9.998254179954528809e-01,1.744436594890430570e-04,5.505111921877414716e-09
1.373611207416969293e-11,1.431557149264692155e-17,1.741786803677314310e-08,2.736036874492753235e-12,5.131475148721301041e-17,3.520085969672265280e-14,1.805910443408720312e-07,9.998885393142700195e-01,1.112397731048986316e-04,4.131547104435639994e-09
1.962627109441950068e-11,2.303125927848540401e-17,1.265193638744221971e-08,3.397231497850872195e-12,1.003807827006985632e-16,7.263506744854819619e-14,2.049523857294843765e-07,9.998605251312255859e-01,1.392428821418434381e-04,8.909631254994110350e-09
1.360589679116896988e-11,1.741417352365831216e-17,1.779409863900127675e-08,2.710565279173682285e-12,5.688234537162982951e-17,3.928814264479892071e-14,1.580737034601042978e-07,9.998755455017089844e-01,1.242721336893737316e-04,5.439629635617393433e-09
1.368348923752593649e-11,1.363493667895562591e-17,1.830120233137222385e-08,2.559494500023462571e-12,4.465303588040495097e-17,2.899222338982945790e-14,1.892556582561155665e-07,9.998821020126342773e-01,1.175825382233597338e-04,3.966634132268609392e-09
1.680027818251605964e-11,1.203762940941980309e-17,1.122258108665619147e-08,2.871553255595626908e-12,6.319284009034787340e-17,3.500078035018582001e-14,1.302734773389602196e-07,9.997158646583557129e-01,2.840073429979383945e-04,9.642415754740341072e-09
1.663725580913766322e-11,1.258993625006023457e-17,1.192290000062712352e-08,2.676636473228355406e-12,5.653103845675610845e-17,3.758823899921784339e-14,1.257293860135177965e-07,9.997801184654235840e-01,2.197139692725613713e-04,7.485763120484989486e-09
1.100601207393303582e-11,1.002256697922326194e-17,1.414555761414248991e-08,2.186514858060206734e-12,4.055746283558544802e-17,2.661999581269475224e-14,1.355488734589016531e-07,9.998939037322998047e-01,1.059703135979361832e-04,2.971586532396486291e-09
1.887146688916985227e-11,1.409134102655727191e-17,1.590876941293117852e-08,3.163703457195743418e-12,5.455979757387078904e-17,3.353242840732975627e-14,1.396541478015933535e-07,9.997261166572570801e-01,2.737662871368229389e-04,8.580745891606511577e-09
1.774766097972779733e-11,2.119124729105917223e-17,1.705229557558141096e-08,3.133783597203398941e-12,7.690967178584931182e-17,6.172642150019391760e-14,2.027614129929133924e-07,9.998598098754882812e-01,1.398948515998199582e-04,6.593244616936999591e-09
1.748840135207263558e-11,1.972574959777244927e-17,1.630300161536979431e-08,3.003617320140872238e-12,7.377757555747442401e-17,5.874961568662698252e-14,1.676786069992886041e-07,9.998326301574707031e-01,1.671392237767577171e-04,8.203325130295979761e-09
1.691097609168856764e-11,1.701166578322878378e-17,1.434859520088593854e-08,3.100085509480376977e-12,7.183850538297251696e-17,5.092770009960251310e-14,1.496543262646810035e-07,9.998020529747009277e-01,1.978007639991119504e-04,8.265362616555194109e-09
1.052587097344348521e-11,9.224840613922022478e-18,1.709804564598016441e-08,1.938489733316339780e-12,3.266612008716016145e-17,2.021067029554270145e-14,1.332474397486294038e-07,9.998784065246582031e-01,1.214584553963504732e-04,2.748403948871214197e-09
1.317781474219348326e-11,1.555181442480334778e-17,1.625567236374081403e-08,2.794034101305520323e-12,5.927988536372292747e-17,3.892676789631413503e-14,1.839504761846910696e-07,9.998703002929687500e-01,1.294902176596224308e-04,4.984218815451413320e-09
1.527887712182707247e-11,1.232514911853710998e-17,1.307280150797396345e-08,2.482945056156427022e-12,5.305818352067877578e-17,3.717114303533088082e-14,1.168658272376887908e-07,9.997834563255310059e-01,2.164441248169168830e-04,6.117628181812051480e-09
1.703485096038459545e-11,1.262037401506034833e-17,1.533432225642172853e-08,2.442517542389222029e-12,5.125734515270183029e-17,3.415327306448105726e-14,1.403091545171264443e-07,9.998182654380798340e-01,1.816424046410247684e-04,6.035090649447738542e-09
1.789922550454736694e-11,1.474844337900204646e-17,1.255151627077566445e-08,3.130255820174565606e-12,6.986288706028556694e-17,4.343438925039945497e-14,1.554805066916742362e-07,9.997405409812927246e-01,2.593089884612709284e-04,9.438939407857560582e-09
1.623456230559483515e-11,1.585175673235997604e-17,1.576372987699414807e-08,2.920378565710035623e-12,6.323051982161088892e-17,4.396361882397573084e-14,1.904959958665131126e-07,9.998770952224731445e-01,1.226740860147401690e-04,5.966712013361075151e-09
1.274557629576955620e-11,1.645015242237063711e-17,1.969480756258690235e-08,2.723697786408130206e-12,5.158433626628894256e-17,4.127756892801509592e-14,2.164222365763635025e-07,9.999289512634277344e-01,7.084081880748271942e-05,3.304542195436965812e-09
1.658868702125726458e-11,1.478398567556222495e-17,1.416306627533003848e-08,2.808448569188715105e-12,6.291705145667779355e-17,4.418945813650446142e-14,1.556004889380346867e-07,9.998052716255187988e-01,1.946523407241329551e-04,7.299663540294432096e-09
2.852290105492816252e-11,2.453283197264678961e-17,1.485174205839712158e-08,3.749434356742353813e-12,1.120670381936150284e-16,7.510258962038079966e-14,1.501036024365021149e-07,9.995592236518859863e-01,4.406822554301470518e-04,1.829979545675541885e-08
1.892474198184057599e-11,2.172790056578765021e-17,1.645012481787944125e-08,3.780871449254874506e-12,9.830630636864417572e-17,6.327970374260527553e-14,2.004803718591574579e-07,9.997947812080383301e-01,2.049540780717507005e-04,1.027533347297548971e-08
1.744221607424822906e-11,1.211434627533103365e-17,1.198420829240376406e-08,2.686810626414959380e-12,5.327268468840357671e-17,3.048974375925717073e-14,1.217898955019336427e-07,9.997554421424865723e-01,2.444070123601704836e-04,7.471014917825868906e-09
1.535844368349970068e-11,1.373219409383777325e-17,1.731683774153225386e-08,2.589543596914767321e-12,4.821209627120010997e-17,3.889927659497804946e-14,1.870594701358641032e-07,9.998905658721923828e-01,1.092178135877475142e-04,3.912976609399265726e-09
1.483807000879355797e-11,1.256209086909986200e-17,1.297969021152312052e-08,2.373591340837366559e-12,5.032399094544394620e-17,2.932008273865728543e-14,1.257925106301627238e-07,9.998281002044677734e-01,1.717605773592367768e-04,4.922806162710458011e-09
1.906806657014925577e-11,2.072332776215017554e-17,1.691044992924162216e-08,3.515523809560772150e-12,9.245944307453965363e-17,5.516309184070387894e-14,2.081438594814244425e-07,9.998437166213989258e-01,1.559802331030368805e-04,9.443803072883838468e-09
1.353222828931466282e-11,1.105632685077467020e-17,1.232715352017521582e-08,2.479782872100155799e-12,5.158055770525080033e-17,2.516823724527540024e-14,1.111592737856881286e-07,9.997717738151550293e-01,2.280717599205672741e-04,6.510131100867511122e-09
1.171477671813025978e-11,1.349004110541593716e-17,1.652892400727523636e-08,2.745029247311348009e-12,4.703980598092260851e-17,3.406480555533802912e-14,1.479511837487734738e-07,9.998986721038818359e-01,1.012072971207089722e-04,3.883453114639223713e-09
1.475486226254485445e-11,1.151203553948115910e-17,1.150563466723042438e-08,2.340247136703443864e-12,5.586089642913504797e-17,2.896802874072408607e-14,1.113483705239559640e-07,9.997262358665466309e-01,2.735689922701567411e-04,7.275582358801102600e-09
1.628044400681094572e-11,2.156686669849705189e-17,1.920233572150209511e-08,3.286844537861433047e-12,7.314312802764625179e-17,5.332486093857259635e-14,2.319653589211156941e-07,9.998935461044311523e-01,1.061759248841553926e-04,5.654134493937590378e-09
1.528155206542702871e-11,1.673055506949753775e-17,1.411439853882257012e-08,3.432110281739730873e-12,6.885803466960104934e-17,4.719970819896078529e-14,1.666482631890175981e-07,9.998173117637634277e-01,1.824584032874554396e-04,7.898621312563136598e-09
1.246478701505404629e-11,2.513917355962163507e-17,2.358160777760076598e-08,3.262157037553503613e-12,7.484471795700663481e-17,6.396276466379829939e-14,3.356386741870664991e-07,9.999568462371826172e-01,4.281726432964205742e-05,2.987766700712768397e-09
1.607416109938863968e-11,1.367978144868457576e-17,1.584152897748936084e-08,2.834732015094543200e-12,4.737989301796766031e-17,3.087468974059814908e-14,1.378041361022042111e-07,9.998010993003845215e-01,1.987422292586416006e-04,5.965519189743417883e-09
