4.977794842986327239e-10,7.072230124694856099e-17,2.750574434884356378e-09,1.431945360896857977e-11,1.741423612468707017e-15,9.035451423514140323e-13,3.085985511575017881e-08,7.354577183723449707e-01,2.645283043384552002e-01,1.401347617502324283e-05
2.933345510935936318e-10,4.276508877648127125e-17,3.400854042823198142e-09,1.054943892658810611e-11,9.529095245622461186e-16,4.503998357000688069e-13,3.003987814054198680e-08,8.455880284309387207e-01,1.544068306684494019e-01,5.125960342411417514e-06
4.122805707940102593e-10,8.691069567319924271e-17,4.480193549483146853e-09,1.710706229451908200e-11,1.637940220874109856e-15,1.152920315640459936e-12,5.821895143753863522e-08,8.922362327575683594e-01,1.077560484409332275e-01,7.554821422672830522e-06
4.760889460442285781e-10,6.250366629119319286e-17,3.324209130184385685e-09,1.399848986727292299e-11,1.419736063331929546e-15,7.679260330926973577e-13,3.647889101898726949e-08,7.668139934539794922e-01,2.331742495298385620e-01,1.170496125268982723e-05
4.026952660218796609e-10,6.640729703795344107e-17,3.890296973452223028e-09,1.363788682678945818e-11,1.470312718249839039e-15,8.851314321246805950e-13,4.365062977740308270e-08,8.085005283355712891e-01,1.914914548397064209e-01,8.008766599232330918e-06
4.693320732052086441e-10,5.471936733147716851e-17,2.506196361551360496e-09,1.347286952141368843e-11,1.471820966291543728e-15,8.695117651065509268e-13,3.063888698306982405e-08,7.466112971305847168e-01,2.533752024173736572e-01,1.350571710645454004e-05
3.531753223207090286e-10,4.472473589590104741e-17,2.636810547684831363e-09,1.114416024738940081e-11,1.215577935516712078e-15,6.247096481608316321e-13,2.623908201826452569e-08,7.798492312431335449e-01,2.201420217752456665e-01,8.772373803367372602e-06
3.155422312328681755e-10,4.890571368460542537e-17,3.115725011326730964e-09,9.388842134305797060e-12,9.246225416513335384e-16,5.143304402169257550e-13,3.507484791498427512e-08,8.729373216629028320e-01,1.270580887794494629e-01,4.649707989301532507e-06
2.921245467746302893e-10,3.852200295866396176e-17,2.734403370396876198e-09,1.088375049806966643e-11,9.844526080015226360e-16,4.356639560828406976e-13,2.834267398554857209e-08,8.143796324729919434e-01,1.856132149696350098e-01,7.140789421100635082e-06
3.369322876256575228e-10,4.407513110852845351e-17,2.752948757844819738e-09,1.143179041013242525e-11,9.229711450415428731e-16,5.506887263903581520e-13,2.567344026260798273e-08,7.747302055358886719e-01,2.252616286277770996e-01,8.253422492998652160e-06
4.512316076343836357e-10,8.097382851100405079e-17,3.615039601001512892e-09,1.665648695359234210e-11,1.714007591185808671e-15,1.207899774126330872e-12,4.651784379916534817e-08,8.480131626129150391e-01,1.519763171672821045e-01,1.045557200995972380e-05
5.187504870107773058e-10,7.135522014700473523e-17,3.576713591968427863e-09,1.466309018649525342e-11,1.777644752996550628e-15,9.095661506960950327e-13,4.002546205583712435e-08,7.366077303886413574e-01,2.633794844150543213e-01,1.271143355552339926e-05
5.652200929517903205e-10,1.015491653897623641e-16,3.067621490160377107e-09,1.904066314339925015e-11,3.072694601877331774e-15,2.166000235073739510e-12,4.498491534832282923e-08,7.720330953598022461e-01,2.279467433691024780e-01,2.007412331295199692e-05
4.323898183944407947e-10,6.057889641512110256e-17,3.215573363135604268e-09,1.303558910120683478e-11,1.504786218049260216e-15,7.918886900382116067e-13,4.211736381876107771e-08,7.985795140266418457e-01,2.014105618000030518e-01,9.936107744579203427e-06
3.632227851824154641e-10,6.944156757836535761e-17,3.803162229587542242e-09,1.382516236908548635e-11,1.319626298087127857e-15,7.567631959450038526e-13,4.095856454000568192e-08,8.777806162834167480e-01,1.222132593393325806e-01,6.129248504294082522e-06
3.799951464600326290e-10,6.980256243257329974e-17,4.300207301355385425e-09,1.338178699794578819e-11,1.435768173561966909e-15,8.341328387555246859e-13,4.577505308134277584e-08,8.607937097549438477e-01,1.391989141702651978e-01,7.366378667938988656e-06
5.118871437836958194e-10,7.625962693839083970e-17,3.173692197933064563e-09,1.569544494373076304e-11,1.768625016778594804e-15,1.095275129273098891e-12,4.589835000956554723e-08,8.081155419349670410e-01,1.918732523918151855e-01,1.107380558096338063e-05
3.617424970681071272e-10,4.979661036538218766e-17,3.368354484223345935e-09,1.262791867601142926e-11,1.176537339944814121e-15,5.933843368922941952e-13,4.348720494817825966e-08,8.292987346649169922e-01,1.706947237253189087e-01,6.519692306028446183e-06
3.797538394856303512e-10,5.759713529999405221e-17,2.828445699876169783e-09,1.299570086960022408e-11,1.338198766005099273e-15,7.290201970745757709e-13,3.012250715528352885e-08,7.961996197700500488e-01,2.037902623414993286e-01,1.012159555102698505e-05
5.529081636979071845e-10,1.192983040481127997e-16,3.927916214507831683e-09,1.956544648518132590e-11,2.698983242032260838e-15,2.388526442603788880e-12,5.716144713119319931e-08,8.532409667968750000e-01,1.467440426349639893e-01,1.489365513407392427e-05
2.502545948246392982e-10,3.285089569239225678e-17,3.460138175981342101e-09,8.194825894258794818e-12,6.781707352907287694e-16,3.325703698976029132e-13,2.876276106178465852e-08,8.726506829261779785e-01,1.273460388183593750e-01,3.242150796722853556e-06
3.518629831944508624e-10,5.707631591655106429e-17,3.499049272548404588e-09,1.098474956828798810e-11,1.234372431945982528e-15,7.327137486155821389e-13,3.902371403796678351e-08,8.447508811950683594e-01,1.552431881427764893e-01,5.842860900884261355e-06
4.426451150063570594e-10,6.718732173814604574e-17,3.213744603769441710e-09,1.334501953387245976e-11,1.491447143195899494e-15,8.460759762067560086e-13,4.029464761856615951e-08,7.876031398773193359e-01,2.123868465423583984e-01,1.002548015094362199e-05
3.037168017083757832e-10,7.111681345957715180e-17,4.227459715622217118e-09,1.391741930034662289e-11,1.282284321211829992e-15,8.647866494085332256e-13,4.891115423788505723e-08,9.099558591842651367e-01,9.003950655460357666e-02,4.657358203985495493e-06
3.411690652210808139e-10,3.990543606337929885e-17,3.098907130905104168e-09,1.022520349641675708e-11,9.208198931137537638e-16,4.660891356027263566e-13,3.407746618222518009e-08,8.112115263938903809e-01,1.887826621532440186e-01,5.778089871455449611e-06
6.661167173405146968e-10,7.683134109056299031e-17,1.957870532365291183e-09,1.529683497925038438e-11,2.324192550454151109e-15,1.428908315455335032e-12,2.245199048900303751e-08,5.380293726921081543e-01,4.619368910789489746e-01,3.372789069544523954e-05
5.073945152922476609e-10,7.778110986989637669e-17,3.058947761758190609e-09,1.461471048347373625e-11,1.801765710235511339e-15,1.000170541005929170e-12,3.678273330365300353e-08,7.670682668685913086e-01,2.329183518886566162e-01,1.338577385467942804e-05
7.478073160704923339e-10,1.092384907802675001e-16,2.988209901744198760e-09,1.903390813018379646e-11,3.298419353199946204e-15,1.949612997084737565e-12,4.537138664773010532e-08,7.015805244445800781e-01,2.983936071395874023e-01,2.584329922683537006e-05
4.969898381723680814e-10,6.562832451150000385e-17,2.955975242358022115e-09,1.478944050559150014e-11,1.517725493351516908e-15,8.848404864716941098e-13,4.003198483815140207e-08,7.800223231315612793e-01,2.199667245149612427e-01,1.094830713554983959e-05
3.161719219768599487e-10,7.066429934239634269e-17,3.710695306580191755e-09,1.307606019990137369e-11,1.385653257479429416e-15,9.535965767026866047e-13,4.812295628653373569e-08,9.236922264099121094e-01,7.630205154418945312e-02,5.668664925906341523e-06
4.852196422433507905e-10,8.500162899387585908e-17,3.139999815715555087e-09,1.649311590079527434e-11,2.144331880368278466e-15,1.514772031765976301e-12,5.358240073860542907e-08,8.353458046913146973e-01,1.646426767110824585e-01,1.140549738920526579e-05
3.100786016840828552e-10,7.110562997769543487e-17,4.344827164715070467e-09,1.401223061192613528e-11,1.362387380000721921e-15,8.403594660422175622e-13,5.372500311295880238e-08,9.122697710990905762e-01,8.772547543048858643e-02,4.676277967519126832e-06
3.560156336401831823e-10,2.979102556638304913e-17,1.899551405060151410e-09,8.264965968562965060e-12,7.981319882038558685e-16,3.469067481193244262e-13,1.376630365257369704e-08,5.978234410285949707e-01,4.021661877632141113e-01,1.045651060849195346e-05
4.142635678938688670e-10,5.892603735000744350e-17,2.767345019805134143e-09,1.242035207321690038e-11,1.495801845456852259e-15,8.146984606036133947e-13,3.423982519734636298e-08,7.897461056709289551e-01,2.102438509464263916e-01,1.006397087621735409e-05
4.045512536077211507e-10,4.626399659313157407e-17,2.455118774946640769e-09,1.105763570985462962e-11,1.121370084090141540e-15,5.863620136312142073e-13,2.154627054551383480e-08,7.212048172950744629e-01,2.787844240665435791e-01,1.073688963515451178e-05
4.105026596423755336e-10,6.416993891712001181e-17,3.754297317470900452e-09,1.581369583891767405e-11,1.496676512854010731e-15,7.636651727649379495e-13,5.183507667538833630e-08,8.591445088386535645e-01,1.408476829528808594e-01,7.736223778920248151e-06
4.753022420089791922e-10,9.273400748090315500e-17,3.443370255595823437e-09,1.767102263128261797e-11,2.243604565302956093e-15,1.517701654456249383e-12,5.626849031159508741e-08,8.416711688041687012e-01,1.583164483308792114e-01,1.226131098519545048e-05
3.949384153045798485e-10,8.449485844595647178e-17,3.331818376750561583e-09,1.582781822273560124e-11,1.912675992590752612e-15,1.142470124580741153e-12,4.133929110139433760e-08,8.334025144577026367e-01,1.665870547294616699e-01,1.041247014654800296e-05
3.413055393863828613e-10,4.233826027168145875e-17,2.912651897446494331e-09,9.768067431303872894e-12,9.959564800955385093e-16,5.463648739163773360e-13,2.697939116558245587e-08,7.790173292160034180e-01,2.209757715463638306e-01,6.928177299414528534e-06
4.860247759808089540e-10,5.402633225322309044e-17,2.405837751240369471e-09,1.203830524848514827e-11,1.565745485197257703e-15,7.802811673694731720e-13,2.709067281614352396e-08,6.753997206687927246e-01,3.245858252048492432e-01,1.441005679225781932e-05
4.479589477135448305e-10,6.629401961614797925e-17,3.172340612422885897e-09,1.458183747360397575e-11,1.554130122391559482e-15,1.052142422665325316e-12,4.630306094099978509e-08,8.377541303634643555e-01,1.622351557016372681e-01,1.070384769263910130e-05
4.072239767616281370e-10,7.904346689399110201e-17,3.551784644173494598e-09,1.556569803606855373e-11,1.720479558177541966e-15,1.035740178519095611e-12,4.331269565227557905e-08,8.673353195190429688e-01,1.326552331447601318e-01,9.432345905224792659e-06
4.258227104259049156e-10,6.711897014976956396e-17,3.409537763232606267e-09,1.555725687163445059e-11,1.495903807047877995e-15,9.059537516876992047e-13,4.284398968934510776e-08,8.068472743034362793e-01,1.931422352790832520e-01,1.050695027515757829e-05
3.246619362240465989e-10,6.104481747567017114e-17,3.291012129480463955e-09,1.097687739315400535e-11,1.106704238004025363e-15,7.696093111755897276e-13,3.196678832750876609e-08,8.816148042678833008e-01,1.183793321251869202e-01,5.889969543204642832e-06
4.521478746966067774e-10,5.325309043405342059e-17,2.531077791800839805e-09,1.210456995054398632e-11,1.320916435144914563e-15,8.058457872349433782e-13,2.390866882251430070e-08,6.543976664543151855e-01,3.455877304077148438e-01,1.459634859202196822e-05
4.260595765082086928e-10,5.658688307427078845e-17,3.052855523932862525e-09,1.173276580057613927e-11,1.268578057575834531e-15,7.400972738304256726e-13,3.006897486557136290e-08,7.614949941635131836e-01,2.384942770004272461e-01,1.076872013072716072e-05
3.228685929723695835e-10,5.113245080637367375e-17,3.006295212770737635e-09,1.094560032888214351e-11,1.004878701645441682e-15,5.538753592056189223e-13,2.655305664234219876e-08,8.219371438026428223e-01,1.780560016632080078e-01,6.867760475870454684e-06
4.176586854143238270e-10,6.965059942787995791e-17,3.172742291113195279e-09,1.558097054155105354e-11,1.755691988344324113e-15,8.813970061617715235e-13,4.218623317342462542e-08,8.145842552185058594e-01,1.854045242071151733e-01,1.120909746532561257e-05
4.528064589948144203e-10,5.554625677645457752e-17,2.831360701449625594e-09,1.414320743853281215e-11,1.322313298354055311e-15,7.808441393475362702e-13,3.077315113841905259e-08,7.333801984786987305e-01,2.666077911853790283e-01,1.198165045934729278e-05
4.157920674430215513e-10,4.364326341943696797e-17,2.773066887229447275e-09,1.053002216672149771e-11,1.040319407191508862e-15,4.409552150502760171e-13,2.306596691425966128e-08,7.357184886932373047e-01,2.642707526683807373e-01,1.076645276043564081e-05
5.244581990915264669e-10,6.833054490169843381e-17,2.535070819931206643e-09,1.523290348026673513e-11,1.913544201361688270e-15,1.330571720511986022e-12,3.722439601006044541e-08,7.444881200790405273e-01,2.554946839809417725e-01,1.712863013381138444e-05
4.638046613436586085e-10,5.709098017445040437e-17,2.916774155536927537e-09,1.401846173865184397e-11,1.389205501901977138e-15,6.162725494848753094e-13,3.652870717019141011e-08,7.548975348472595215e-01,2.450914978981018066e-01,1.093504579330328852e-05
4.075187964858173473e-10,7.986963503747436478e-17,3.311930951710451154e-09,1.437620075067647107e-11,1.614322930601410234e-15,1.045420586036349686e-12,3.883135235582813038e-08,8.194890022277832031e-01,1.805021017789840698e-01,8.874153536453377455e-06
4.074233173056995838e-10,7.080338479931345898e-17,3.574412099638379914e-09,1.249538406772332522e-11,1.424034861418363527e-15,9.340986100933590386e-13,3.855313579492758436e-08,8.301380276679992676e-01,1.698538362979888916e-01,8.075472578639164567e-06
6.300828747640707661e-10,6.895995655595738320e-17,1.902894064542692831e-09,1.496057791539051607e-11,2.079618986714523547e-15,1.145787349547677803e-12,2.187229775074683857e-08,5.285934209823608398e-01,4.713780283927917480e-01,2.855090133380144835e-05
3.739035470129437044e-10,4.041458558274038865e-17,2.669250376285958737e-09,1.110962537242965453e-11,1.015356605082095784e-15,5.064196674856025204e-13,2.736035042971707298e-08,7.444308996200561523e-01,2.555606067180633545e-01,8.418047400482464582e-06
3.779248025637116370e-10,4.159275547281191703e-17,2.569185086898073678e-09,1.005943245369067540e-11,9.647434218683359486e-16,4.736498736626626460e-13,2.047701208596208744e-08,7.057163715362548828e-01,2.942747473716735840e-01,8.887000149115920067e-06
5.662064150868673096e-10,1.187989119512573855e-16,3.943234183623189892e-09,1.905469011742599861e-11,2.782113384816402822e-15,1.896551925922862480e-12,5.448722717460441345e-08,7.846562862396240234e-01,2.153259813785552979e-01,1.763836371537763625e-05
3.723960306789564356e-10,3.405924443993216982e-17,2.368349738546271510e-09,1.122155927207879600e-11,8.738241229199210282e-16,4.470185885948468885e-13,2.343260696591187298e-08,7.364009618759155273e-01,2.635904550552368164e-01,8.541678653273265809e-06
3.729953568232247108e-10,6.614500799188022663e-17,3.448454410914791879e-09,1.439715013873410498e-11,1.343378054840204099e-15,9.222557613430826251e-13,3.723283015233391779e-08,8.290120363235473633e-01,1.709794253110885620e-01,8.488951607432682067e-06
4.268408682062130310e-10,7.282195033940416220e-17,3.451716690250350439e-09,1.294686146485757305e-11,1.559480723640246490e-15,8.937270411582542984e-13,4.113600127197969414e-08,8.286764621734619141e-01,1.713152378797531128e-01,8.282888302346691489e-06
2.849304958640885843e-10,5.176685863153244343e-17,3.659942793277082274e-09,1.176501777944150007e-11,1.106537160755179452e-15,6.159591066368097501e-13,4.164358102798360051e-08,9.014462232589721680e-01,9.854936599731445312e-02,4.395591986394720152e-06
4.711154244496640331e-10,7.021836958289145569e-17,2.751181948923431264e-09,1.372724069831354754e-11,1.731285263364783483e-15,1.130289763694170002e-12,2.996697290313932172e-08,7.312597036361694336e-01,2.687241435050964355e-01,1.611091101949568838e-05
3.488273003782182968e-10,6.544456468406012364e-17,4.179650847646598777e-09,1.277631299367865125e-11,1.210654768269033271e-15,6.932010846415204153e-13,3.994944819396550884e-08,8.351100683212280273e-01,1.648824661970138550e-01,7.440677563863573596e-06
3.565436834662705223e-10,4.215013293060729856e-17,2.851417990612503672e-09,1.157500571086211849e-11,9.217369121582749507e-16,4.351691804214269377e-13,2.353988826087061170e-08,7.205573320388793945e-01,2.794347703456878662e-01,7.932871994853485376e-06
3.958917360602498547e-10,5.763016296749206950e-17,2.959562372950585996e-09,1.332594277980714281e-11,1.308597823234758459e-15,7.974296678710246500e-13,3.271193094178670435e-08,7.813756465911865234e-01,2.186133712530136108e-01,1.099322980735450983e-05
4.926351548917295986e-10,8.626513745338325822e-17,3.313351593092761505e-09,1.581188652233223024e-11,1.719506105562909962e-15,1.261614293937562969e-12,4.876471848547225818e-08,8.496536016464233398e-01,1.503357738256454468e-01,1.048168451234232634e-05
5.978106343285105595e-10,7.852276000711142130e-17,2.650913710766644726e-09,1.628683819754339623e-11,2.057231694160355576e-15,1.183531246097546674e-12,4.042733081632832182e-08,7.385460138320922852e-01,2.614369392395019531e-01,1.699658605502918363e-05
4.107403583919477796e-10,5.627277943462725236e-17,2.944694044160200974e-09,1.351050521458674325e-11,1.312330803312426568e-15,7.893360444433117351e-13,4.070028936098424310e-08,8.478218317031860352e-01,1.521694064140319824e-01,8.704666470293886960e-06
5.857637153106054484e-10,6.467461173500596463e-17,2.008305299838752944e-09,1.324400398378111632e-11,2.031263146305196422e-15,1.071952747920545956e-12,2.231373663619251602e-08,5.330595374107360840e-01,4.669156670570373535e-01,2.479704016877803952e-05
3.396834757918298919e-10,7.728681320561428905e-17,3.503200396437478048e-09,1.397883718501358175e-11,1.491944033898582548e-15,1.068807368997948259e-12,4.354835425601777388e-08,8.901705145835876465e-01,1.098221018910408020e-01,7.428064691339386627e-06
3.696902228789156197e-10,5.066597718917541975e-17,2.781143093599780514e-09,1.143687661936398925e-11,1.310196703801819358e-15,6.632169856704561717e-13,3.647144097840282484e-08,8.199658393859863281e-01,1.800255626440048218e-01,8.645738489576615393e-06
4.375059203809428254e-10,4.329676407828340510e-17,2.635480722545935350e-09,1.074006075046929354e-11,1.124186151002406868e-15,5.960913728765560027e-13,2.826009293244169385e-08,7.290953993797302246e-01,2.708937525749206543e-01,1.084572977561037987e-05
5.378234524400227201e-10,7.893945389504623410e-17,3.182515806443575457e-09,1.641006427965940873e-11,1.929315531323089715e-15,1.223760567707621316e-12,4.984886459169501904e-08,7.924361824989318848e-01,2.075493931770324707e-01,1.436446382285794243e-05
3.240032409035364935e-10,8.538451435581440453e-17,5.051114637666387353e-09,1.733843450757444060e-11,1.868267113957393713e-15,1.198832591357834598e-12,8.483993951813317835e-08,9.388755559921264648e-01,6.111865118145942688e-02,5.664168838848127052e-06
2.919977870607937120e-10,5.137807381746516979e-17,3.476004373226260213e-09,1.121544176974076379e-11,1.012730167670897012e-15,5.271287421317050192e-13,3.160988271133646776e-08,8.803351521492004395e-01,1.196594163775444031e-01,5.393791070673614740e-06
2.787725050801270754e-10,4.777688015498900978e-17,3.234762901982435324e-09,1.136822840724915906e-11,9.654992928946420049e-16,5.734417931821389480e-13,3.752643351617734879e-08,9.017587304115295410e-01,9.823646396398544312e-02,4.816399723495123908e-06
4.102390094296026746e-10,6.039948424898080107e-17,2.875239157873465956e-09,1.431676738966602969e-11,1.466950632723949908e-15,7.976520919467100512e-13,2.767529316827221919e-08,7.342574000358581543e-01,2.657290995121002197e-01,1.349063495581503958e-05
4.472656134346664203e-10,5.910611126063778742e-17,3.008590931941057534e-09,1.141652397618209136e-11,1.446979078135351201e-15,7.355048102682115729e-13,3.804319703704095446e-08,8.081749677658081055e-01,1.918158233165740967e-01,9.218522791343275458e-06
4.083577920255265781e-10,6.747158070128866860e-17,3.801606140996227623e-09,1.445710478414907740e-11,1.363999177820228448e-15,9.414467903173795449e-13,4.794449282030655013e-08,8.659661412239074707e-01,1.340262144804000854e-01,7.561677193734794855e-06
3.927314862206543467e-10,4.645443011375353210e-17,2.859940062549526374e-09,1.185100542006045643e-11,1.118976474860319294e-15,7.319734011621004122e-13,3.068971565767242282e-08,7.752727866172790527e-01,2.247179150581359863e-01,9.277467142965178937e-06
4.035587419792818764e-10,7.035312061339879411e-17,3.295976824801982730e-09,1.495362687842227700e-11,1.646672283527354438e-15,9.071229553105075727e-13,2.860866032960984739e-08,7.042377591133117676e-01,2.957480847835540771e-01,1.416141731169773266e-05
5.871335084783879665e-10,8.975528377298539937e-17,3.015735883238335191e-09,1.579524358530370876e-11,2.404121967488855906e-15,1.609190645318614443e-12,4.245982054840169440e-08,7.104836702346801758e-01,2.894977331161499023e-01,1.856248127296566963e-05
4.270589437638250274e-10,6.196889733390011069e-17,3.303174622715232545e-09,1.328534331157538162e-11,1.528576514801436529e-15,7.869439691901569667e-13,3.487831534698671021e-08,7.559414505958557129e-01,2.440468370914459229e-01,1.175667966890614480e-05
3.844961293797410917e-10,7.003214806594861767e-17,3.496654521484288125e-09,1.494942190871650922e-11,1.465040467548773054e-15,9.284816838983633858e-13,4.066122372137215280e-08,8.452006578445434570e-01,1.547899544239044189e-01,9.434807907382491976e-06
3.508860701995075715e-10,4.093622222062857897e-17,2.874987581336085896e-09,1.073172800625243895e-11,9.570718444650537504e-16,5.100040398678395981e-13,2.951053978961226676e-08,8.096916675567626953e-01,1.903013288974761963e-01,7.048095085337990895e-06
5.285006876576403556e-10,6.288660459269094171e-17,2.601024284842878842e-09,1.430446733285961614e-11,1.677069649026351108e-15,1.068629993522529631e-12,3.379731339236968779e-08,6.977132558822631836e-01,3.022702038288116455e-01,1.651565617066808045e-05
3.411137761144544811e-10,4.008891134068846081e-17,2.642932095398009551e-09,1.015812000487725797e-11,1.018797994067671599e-15,4.835231065362932679e-13,3.188521446872982779e-08,8.258066773414611816e-01,1.741871237754821777e-01,6.162023055367171764e-06
3.388457847641745957e-10,4.855113444322844453e-17,3.310660634525675050e-09,1.047886430405320368e-11,1.009136842150407457e-15,6.173871093181904079e-13,3.333498455049266340e-08,8.589790463447570801e-01,1.410155594348907471e-01,5.378047262638574466e-06
3.329744258095956866e-10,3.619730118258983320e-17,2.571153956409943930e-09,9.987255814025708389e-12,8.620347477831212524e-16,4.262742773781386108e-13,2.230201623376615316e-08,7.357274293899536133e-01,2.642649114131927490e-01,7.692534381931181997e-06
2.987784464281162400e-10,3.164705342482953263e-17,2.556144407250826589e-09,8.915649468699271551e-12,6.987968875288774404e-16,3.904291169878892909e-13,1.981194230893379427e-08,7.403240203857421875e-01,2.596693336963653564e-01,6.622119144594762474e-06
3.705472872983506250e-10,6.195779326135719884e-17,4.421409904864503915e-09,1.384691493411249752e-11,1.145755421487763999e-15,5.729099378064261838e-13,4.612305204432232131e-08,8.483180403709411621e-01,1.516764163970947266e-01,5.425717517937300727e-06
3.084563993116518077e-10,5.064620426381295218e-17,3.565215456191594967e-09,1.110132211851189155e-11,9.736098451228387442e-16,5.410865440598489062e-13,4.004789744271874952e-08,8.863161206245422363e-01,1.136792525649070740e-01,4.680774964072043076e-06
4.182331425628404986e-10,4.229437668582429553e-17,2.497728468497939502e-09,1.164534007419559813e-11,1.164285114241899073e-15,5.966295708349778071e-13,2.408502730588679697e-08,6.838815808296203613e-01,3.161059021949768066e-01,1.254169092135271057e-05
4.915860496446100569e-10,9.740211854978491138e-17,3.451196217696406165e-09,1.805606358873390604e-11,2.305541096713848229e-15,1.708870675173890241e-12,4.254480856502595998e-08,8.055602312088012695e-01,1.944247931241989136e-01,1.493297531851567328e-05
3.619015087608090653e-10,4.469731982167858986e-17,2.900478301981479490e-09,1.126586150757002969e-11,9.624059285712693000e-16,4.871813672965852327e-13,2.522129705084807938e-08,7.579325437545776367e-01,2.420588135719299316e-01,8.646557944302912802e-06
3.248407376421624804e-10,6.036501397849449130e-17,3.662763203848840021e-09,1.295606243817415404e-11,1.142563907221628202e-15,6.932337733370208532e-13,3.958806971127160068e-08,8.905122280120849609e-01,1.094818711280822754e-01,5.902246357436524704e-06
3.819173866048686250e-10,5.069698653597880765e-17,2.478198535271758374e-09,1.238787804974661455e-11,1.240873409816159283e-15,6.707286635820874920e-13,2.410108379535813583e-08,7.706962823867797852e-01,2.292923480272293091e-01,1.134377089329063892e-05
4.676832809913378242e-10,6.083126591128858109e-17,2.843648427841571902e-09,1.346277256342176543e-11,1.548199409453121685e-15,8.081939523001124837e-13,3.208918997188447975e-08,7.198258042335510254e-01,2.801616191864013672e-01,1.262730529560940340e-05
5.283340986927953509e-10,4.746465256097474395e-17,1.969930663037189333e-09,1.205521446556723220e-11,1.488804612158702891e-15,7.718704148063082471e-13,2.065010029639324785e-08,5.279557108879089355e-01,4.720214307308197021e-01,2.283861249452456832e-05
3.357012445803775336e-10,4.345002410217723007e-17,2.854995795331660702e-09,1.000699263037363451e-11,8.709677160635427139e-16,5.216410528356696386e-13,2.565209378246890992e-08,8.097558021545410156e-01,1.902378350496292114e-01,6.349456725729396567e-06
4.516945428800767104e-10,6.060919769532014507e-17,2.734728443698486444e-09,1.385542635484737772e-11,1.486506929410157194e-15,7.783519380237524654e-13,3.011848548339912668e-08,7.289982438087463379e-01,2.709883749485015869e-01,1.339984555670525879e-05
3.625421352015933962e-10,6.238508829602249124e-17,3.385052460558313214e-09,1.440371346500546323e-11,1.226591375534267711e-15,8.530431135772564843e-13,3.889691058134303603e-08,8.425055742263793945e-01,1.574864238500595093e-01,8.040405191422905773e-06
5.212978382296284963e-10,1.246463774328478461e-16,4.140729092938499889e-09,2.115532748980797351e-11,3.064865052829386649e-15,2.231410368980224490e-12,9.605788875433063367e-08,9.136808514595031738e-01,8.630742132663726807e-02,1.164394234365317971e-05
3.083256705505021955e-10,4.293451852698928280e-17,3.220367972289750469e-09,9.642012015198542230e-12,9.122309790285951583e-16,3.298862105791805499e-13,2.777265351028290752e-08,8.159145116806030273e-01,1.840803176164627075e-01,5.208838047110475600e-06
3.609457177589092680e-10,7.231819072891446792e-17,2.892624806349886057e-09,1.281308392719893163e-11,1.476392297228756780e-15,1.048667229441857529e-12,3.369865808622307668e-08,8.707351684570312500e-01,1.292570829391479492e-01,7.689931408094707876e-06
4.335803382993219657e-10,6.008884815046508726e-17,3.481526400506140817e-09,1.070062875113686474e-11,1.368795501884055923e-15,7.107312785178954151e-13,3.851598506798836752e-08,7.933654189109802246e-01,2.066258788108825684e-01,8.697568773641251028e-06
3.521464231326376648e-10,3.611767015938057834e-17,2.128840881354676640e-09,8.853474377235048820e-12,8.825770966990509510e-16,4.799987447443032629e-13,1.937212523728248925e-08,7.004995942115783691e-01,2.994915246963500977e-01,8.857200555212330073e-06
3.303173290447602994e-10,5.252365610012455909e-17,3.283889604688283725e-09,1.273940241491855474e-11,1.068460594556375296e-15,6.636333735147992297e-13,3.906692924715571280e-08,8.747808933258056641e-01,1.252128481864929199e-01,6.298487278399989009e-06
5.008979897525023262e-10,7.274039694845133410e-17,3.146515492602475206e-09,1.407749611326281070e-11,1.756191208387612116e-15,9.645917961945138508e-13,3.598297837470454397e-08,7.352828383445739746e-01,2.647035717964172363e-01,1.360891474178060889e-05
3.480514210174590062e-10,4.775099601926100043e-17,3.074434484773291842e-09,1.234310657155512914e-11,1.157562849014252132e-15,5.906513884761099842e-13,3.531439318749107770e-08,8.225998282432556152e-01,1.773926317691802979e-01,7.596693194500403479e-06
3.131646331144821715e-10,2.627526477193259093e-17,1.748338585016995239e-09,7.339753804735948961e-12,7.276289361413481628e-16,3.234620416566608148e-13,1.356317813616669810e-08,5.581926107406616211e-01,4.417962729930877686e-01,1.118744785344460979e-05
4.618495308417180922e-10,6.949800114847617537e-17,3.174516427506546279e-09,1.408096035604433638e-11,1.713772539542945603e-15,9.009489118291802434e-13,3.078215726759481186e-08,7.132602930068969727e-01,2.867269814014434814e-01,1.268483174499124289e-05
2.267068338612787670e-10,4.525171942926878050e-17,3.712613327877534175e-09,1.116116834370961541e-11,7.913078143247423944e-16,4.678568730348553473e-13,3.944565207802952500e-08,9.081426262855529785e-01,9.185387194156646729e-02,3.434269501667586155e-06
3.380581925505055096e-10,4.597640243775913741e-17,2.781757713066213000e-09,1.074550604746038474e-11,1.003731183760148919e-15,5.833141044839229572e-13,3.130713466248380428e-08,8.426283597946166992e-01,1.573652327060699463e-01,6.410252353816758841e-06
2.854989578082722801e-10,3.655978827062282099e-17,3.073363341599133491e-09,9.509610113256350417e-12,7.869514709374543244e-16,3.821368677221770316e-13,2.524173581264221866e-08,8.066713809967041016e-01,1.933234632015228271e-01,5.134436378284590319e-06
5.096632560430691683e-10,6.741288396502190575e-17,2.630939466286008610e-09,1.473490079950678933e-11,1.770114524216341492e-15,1.041817673796963106e-12,2.744536331533709017e-08,6.793775558471679688e-01,3.206044435501098633e-01,1.803597660909872502e-05
4.769870609599990985e-10,7.260919286841062306e-17,3.301758200180415770e-09,1.539593626198598741e-11,1.830179006934683217e-15,9.876065893907326476e-13,3.916818513971520588e-08,8.052453398704528809e-01,1.947413831949234009e-01,1.324159711657557636e-05
3.676433324439898342e-10,5.457326738296560255e-17,3.751178478950123463e-09,1.221536240214593505e-11,1.110137791934839076e-15,6.485126563364473906e-13,4.639543149664859811e-08,8.679965138435363770e-01,1.319974958896636963e-01,5.969468020339263603e-06
4.879749937458655040e-10,7.234702955379051668e-17,2.790009112629832089e-09,1.439548220211195328e-11,1.821172505606528241e-15,1.270541723046025862e-12,3.973627116238276358e-08,8.098778724670410156e-01,1.901090741157531738e-01,1.309158506046514958e-05
3.053928221419255351e-10,6.622260415078260105e-17,4.027283839747042293e-09,1.255441584024907797e-11,1.243992820402660057e-15,7.007761883802421377e-13,4.587240454156926717e-08,8.829478621482849121e-01,1.170464083552360535e-01,5.672135557688307017e-06
3.355316580133660409e-10,3.688843374543503931e-17,2.993933989614561142e-09,9.040513997138344138e-12,8.056503055832442417e-16,3.835461679160823145e-13,2.771590601469142712e-08,8.082761168479919434e-01,1.917182058095932007e-01,5.665103799401549622e-06
3.333384401837946598e-10,4.993401830001704641e-17,3.713578777819748211e-09,1.213148071582681453e-11,9.943154596393517092e-16,5.325830922109364707e-13,3.527897973754079430e-08,8.441447019577026367e-01,1.558495163917541504e-01,5.743030214944155887e-06
3.508153489928389490e-10,5.695708941178012109e-17,3.041120688607179545e-09,1.208893402049326937e-11,1.155240390551999247e-15,7.875002191147506547e-13,3.335868470344394154e-08,8.550863265991210938e-01,1.449063122272491455e-01,7.401682523777708411e-06
5.717981088615431418e-10,1.118600312822399579e-16,3.151326977146595709e-09,1.968237552107954258e-11,2.775468834861666463e-15,1.474948093348193989e-12,4.397633190933447622e-08,7.737393379211425781e-01,2.262412011623382568e-01,1.938874811457935721e-05
4.370738215797587145e-10,5.040092866857872841e-17,2.909348095769814790e-09,1.160958395390876419e-11,1.099833847889727326e-15,6.067476707692642801e-13,3.073800058928100043e-08,7.401391267776489258e-01,2.598514258861541748e-01,9.486735507380217314e-06
4.134763920138340154e-10,7.579884763252940074e-17,3.619596400383784385e-09,1.392403813776921240e-11,1.396550124587619176e-15,1.074132644808545312e-12,4.737714220937050413e-08,8.563196063041687012e-01,1.436720341444015503e-01,8.210767191485501826e-06
3.359465206020928463e-10,4.864240555201754560e-17,2.866847204074929323e-09,1.094667845952246310e-11,9.776724268961071822e-16,6.051960690402202747e-13,3.198982057028842974e-08,8.359828591346740723e-01,1.640105396509170532e-01,6.640390438406029716e-06
4.360727612340298265e-10,5.484245842406995945e-17,2.723934855453080672e-09,1.177467151558531100e-11,1.328001653990459972e-15,7.132860925171402577e-13,2.708952351326843200e-08,7.618280053138732910e-01,2.381602823734283447e-01,1.169524966826429591e-05
3.714691054756968924e-10,4.421751205300598106e-17,2.966586754027389361e-09,1.108711039643495155e-11,1.188216865496266855e-15,5.462384559430655262e-13,3.616276345042024332e-08,7.808049321174621582e-01,2.191868126392364502e-01,8.316734238178469241e-06
3.366610046295903658e-10,4.071377681030081876e-17,2.772475582446531917e-09,1.000595786782021435e-11,9.464255932301328562e-16,4.272248245278109646e-13,2.707147572778012545e-08,7.884278297424316406e-01,2.115655392408370972e-01,6.632781150983646512e-06
3.851228225215663770e-10,6.547963714203237202e-17,3.327981668022061967e-09,1.315750806918369875e-11,1.450658801016460695e-15,8.965468883785632226e-13,4.906840445073612500e-08,8.702388405799865723e-01,1.297538280487060547e-01,7.291222573257982731e-06
3.437247708681923086e-10,4.277267898578205783e-17,2.773473672945669932e-09,9.670061626443349212e-12,9.074518073819495823e-16,4.509981797740092446e-13,2.758992323492748255e-08,8.205308914184570312e-01,1.794632077217102051e-01,5.932957719778642058e-06
3.092369138535389084e-10,3.605045346280451931e-17,2.481058025693982927e-09,1.043839840952909270e-11,8.219205379505784698e-16,4.505426251261851478e-13,1.816421502098819474e-08,7.325358986854553223e-01,2.674565911293029785e-01,7.461852874257601798e-06
2.396190190712133017e-10,6.296022366720816117e-17,3.975536344569263747e-09,1.207115310486450710e-11,1.082812826693770568e-15,6.560577818850998888e-13,5.043036210850004863e-08,9.422726035118103027e-01,5.772432684898376465e-02,3.105215682808193378e-06
4.100446926447176565e-10,7.642752475040440305e-17,3.200225640043186104e-09,1.456658578480318766e-11,1.526928823960790101e-15,7.891919539745884116e-13,3.198823605998768471e-08,7.979804873466491699e-01,2.020098268985748291e-01,9.660513569542672485e-06
4.494083161166173568e-10,4.767394910828536122e-17,2.472938742670294232e-09,1.201538174511185275e-11,1.337172056193908654e-15,7.971331927869584888e-13,3.249247981784719741e-08,7.443647384643554688e-01,2.556241750717163086e-01,1.103651902667479590e-05
2.887383943050991775e-10,4.031440739311531658e-17,2.723245628999393375e-09,1.007987270040811012e-11,8.385374185515765202e-16,4.874686266621852671e-13,2.494496520455413702e-08,8.372876048088073730e-01,1.627063155174255371e-01,6.039748313924064860e-06
4.344763993024969295e-10,4.831557987455294394e-17,2.567877466219670168e-09,1.108559338075520984e-11,1.149976398422168991e-15,6.328919593262538612e-13,2.380468799856316764e-08,6.980842351913452148e-01,3.019038736820220947e-01,1.187467023555655032e-05
5.510401579478241274e-10,7.896644645279506450e-17,2.375502905493931394e-09,1.635333361782453920e-11,2.185781225883930839e-15,1.331121953114522416e-12,2.915295560512731754e-08,6.611326336860656738e-01,3.388435542583465576e-01,2.378620592935476452e-05
4.979335277432994644e-10,5.925436849618689167e-17,2.465115445104970604e-09,1.399426147880022953e-11,1.388453230765696912e-15,6.986814013627828945e-13,2.518910591220446804e-08,7.005351781845092773e-01,2.994504868984222412e-01,1.434109617548529059e-05
3.666695835846667251e-10,3.963623509610759131e-17,2.343304883467567379e-09,1.027029936789825015e-11,9.672429102165649821e-16,5.119155967181487910e-13,1.914755287657499139e-08,6.817096471786499023e-01,3.182801008224487305e-01,1.022594096866669133e-05
2.697802536921756200e-10,6.579251655436932963e-17,4.061858405179918918e-09,1.184097785100757250e-11,1.077711676648049951e-15,6.376404395810886250e-13,4.676626375044179440e-08,9.302406907081604004e-01,6.975554674863815308e-02,3.794673602897091769e-06
3.949915394763081622e-10,4.233214244387101656e-17,1.968293972254286928e-09,1.116044756610534705e-11,1.312511115451073327e-15,6.116012102146128893e-13,1.569073226903583418e-08,5.200394988059997559e-01,4.799407124519348145e-01,1.982105459319427609e-05
5.751281673127550675e-10,7.354937297008329474e-17,3.318268548824221398e-09,1.368181609673335686e-11,1.870114281057118528e-15,1.017160747990297764e-12,3.732255038357834565e-08,7.261853218078613281e-01,2.737996578216552734e-01,1.508622699475381523e-05
2.978747526416469782e-10,2.709409747774373345e-17,1.834936980138479612e-09,7.979291706539104467e-12,7.272533299688000840e-16,3.516457416051499418e-13,1.405342864302383532e-08,6.496540307998657227e-01,3.503367602825164795e-01,9.298096301790792495e-06
3.463622444410674461e-10,5.716848368912417285e-17,3.340038690069491167e-09,1.336996052064831630e-11,1.339530619435538254e-15,6.449350602177883474e-13,3.739890175324944721e-08,8.471356034278869629e-01,1.528571993112564087e-01,7.188027211668668315e-06
3.046937147033190740e-10,3.401180066871857836e-17,2.611668437069170068e-09,1.024500189544808038e-11,8.528158000038830577e-16,3.637031268603069245e-13,2.164258461334611638e-08,7.617897391319274902e-01,2.382030487060546875e-01,7.219729468488367274e-06
3.723008845657460597e-10,3.723158465946898752e-17,1.951044437120685870e-09,1.083657209105526320e-11,1.067623937762724861e-15,6.488012167446544076e-13,2.178197533453385404e-08,7.117363810539245605e-01,2.882514595985412598e-01,1.220695048687048256e-05
3.347641330808670546e-10,4.577945073391026152e-17,2.953298938734860712e-09,1.130753737171863449e-11,9.514366401460892970e-16,5.675599421862964622e-13,2.745359140021719213e-08,7.730110287666320801e-01,2.269808650016784668e-01,8.145238098222762346e-06
4.451888857559538337e-10,6.312247018127676223e-17,3.232157652632849931e-09,1.322022873118111619e-11,1.427581070731162062e-15,9.473582942426395093e-13,3.699911488297402684e-08,7.856830954551696777e-01,2.143066227436065674e-01,1.024219181999797001e-05
3.613486176945457373e-10,3.928264847146567410e-17,2.620515138218593165e-09,1.084155681896348256e-11,9.751563155262882830e-16,4.499820112878472056e-13,2.270547483362861385e-08,7.403981685638427734e-01,2.595933079719543457e-01,8.583392627770081162e-06
3.591596464680435474e-10,4.860737941615960020e-17,2.538206755886562860e-09,1.200498207787337179e-11,1.141264135164066478e-15,6.423117788513510451e-13,2.652834751870614127e-08,7.645996809005737305e-01,2.353912442922592163e-01,9.100473107537254691e-06
3.279125582178465947e-10,5.620980121150991504e-17,3.548166427336241213e-09,1.313530187396771964e-11,1.163097362291611730e-15,6.495959911471949066e-13,4.202020775778692041e-08,8.799067139625549316e-01,1.200873926281929016e-01,5.911750122322700918e-06
3.383978930404651919e-10,3.125130375000456249e-17,2.217893424472094921e-09,8.729231747162113919e-12,7.062959878482749816e-16,3.184599394086273794e-13,2.155125500280519191e-08,7.639299035072326660e-01,2.360629737377166748e-01,7.149510565795935690e-06
3.953682659041390934e-10,5.274733566392624841e-17,3.112975655028549227e-09,1.292122658869132579e-11,1.227227179640300470e-15,6.636132073543909993e-13,3.313999741294537671e-08,8.068180084228515625e-01,1.931737214326858521e-01,8.203597644751425833e-06
4.536620801243174128e-10,4.553005577922552367e-17,1.993524012533498535e-09,1.114068299418180530e-11,1.505834209563250599e-15,6.953185856944932297e-13,2.134668974917985906e-08,6.197968721389770508e-01,3.801851868629455566e-01,1.793173942132852972e-05
4.207308668124909445e-10,4.131744329517466772e-17,2.009922228651817022e-09,1.105603195800108907e-11,1.062498012003297056e-15,4.637487225830905224e-13,1.831407381303051807e-08,6.265911459922790527e-01,3.733964562416076660e-01,1.235814124811440706e-05
4.417336496587154215e-10,6.784683614925702492e-17,3.328631592580677534e-09,1.304959786063708549e-11,1.500856514569592296e-15,8.630255798197650208e-13,3.829925177001314296e-08,8.167864084243774414e-01,1.832041144371032715e-01,9.510378731647506356e-06
2.990021286120025934e-10,4.406795118081149323e-17,3.265540948760303763e-09,1.061801948448737321e-11,9.510942270771617461e-16,4.620898932591877006e-13,3.179781771223133546e-08,8.426581621170043945e-01,1.573361307382583618e-01,5.762653472629608586e-06
3.643087775895281766e-10,4.876572494645940118e-17,2.594447767734209265e-09,1.083499609477733827e-11,1.105845558353746316e-15,6.030027822553907235e-13,2.700503110020235908e-08,7.901585102081298828e-01,2.098331004381179810e-01,8.355272257176693529e-06
4.767721772935828994e-10,6.630092161117912171e-17,2.593867787226145083e-09,1.432391878719574407e-11,1.638624941132846551e-15,9.518987161005743047e-13,3.009451532420825970e-08,7.434793710708618164e-01,2.565069794654846191e-01,1.357682140223914757e-05
2.684436006816781628e-10,1.713389164490084426e-17,1.605870325604996651e-09,6.891542891906965451e-12,4.330115012076340628e-16,1.476825524935124201e-13,1.085372858256050677e-08,6.279813051223754883e-01,3.720119893550872803e-01,6.692476290481863543e-06
3.299376605259141115e-10,7.053353863116396008e-17,3.770510570433316389e-09,1.283285804010159126e-11,1.376935064990696123e-15,8.934984913402943540e-13,5.016379489575228945e-08,9.089085459709167480e-01,9.108587354421615601e-02,5.495734967553289607e-06
3.198840359264210065e-10,4.533827229984387910e-17,3.276318771838759858e-09,1.076972018509980700e-11,1.032339086278952472e-15,4.498965219465467236e-13,2.919833619330347574e-08,8.078047633171081543e-01,1.921887397766113281e-01,6.492109605460427701e-06
3.862825337375141999e-10,4.335221495782650987e-17,2.964660072990454864e-09,1.142911633389420700e-11,9.957287341118455093e-16,4.491619207645791700e-13,2.753692740498081548e-08,7.241822481155395508e-01,2.758096754550933838e-01,8.033993253775406629e-06
4.671849018755835914e-10,5.281967757157768600e-17,2.218563333045153740e-09,1.259275236170642742e-11,1.377291348224134963e-15,7.968457165809239573e-13,2.051484493392763397e-08,5.855000615119934082e-01,4.144810736179351807e-01,1.891714964585844427e-05
4.336287717787712381e-10,5.433315008603125946e-17,2.586207248356231503e-09,1.314527740131632427e-11,1.315688971310934648e-15,8.143858851172858238e-13,3.253728664276422933e-08,7.852472662925720215e-01,2.147426307201385498e-01,1.011159929475979879e-05
3.969108097745532859e-10,5.586951234239540031e-17,2.895655049073297960e-09,1.330153435313841115e-11,1.277935124665034380e-15,6.840382210313022959e-13,2.668937248984093458e-08,7.207778096199035645e-01,2.792104184627532959e-01,1.180711024062475190e-05
3.460320086023926933e-10,4.667752403368153388e-17,2.424181966276250932e-09,1.090408492665506657e-11,1.076995827928501660e-15,5.564799922946894739e-13,2.030370005456916260e-08,7.099931240081787109e-01,2.899969816207885742e-01,9.900912118609994650e-06
3.347624122351788856e-10,4.166870057921163561e-17,2.246791197535458195e-09,1.069491023519830719e-11,1.013379312545849027e-15,5.198162321591592860e-13,1.862752085912688926e-08,7.442321181297302246e-01,2.557570934295654297e-01,1.078469631465850398e-05
3.428154982110243054e-10,5.772087490218708473e-17,2.705556001458830906e-09,1.200368970888376907e-11,1.295570880022460947e-15,7.615698436463924637e-13,2.703906609724526788e-08,7.868413329124450684e-01,2.131486237049102783e-01,1.009245079330867156e-05
3.817635652048068096e-10,7.306993908704755990e-17,3.540745696639646667e-09,1.346924134726368294e-11,1.492866664536379295e-15,8.994497312751759122e-13,4.640352457840890565e-08,8.570817708969116211e-01,1.429111361503601074e-01,7.115136213542427868e-06
3.430463135778438755e-10,4.478770750157348430e-17,2.465471604651270354e-09,1.301999220243432731e-11,1.157397042314827103e-15,5.851243426412133797e-13,2.349077732333171298e-08,7.695851325988769531e-01,2.304048240184783936e-01,1.005636295303702354e-05
3.864333575354095274e-10,6.337904175495601014e-17,3.047207819406594353e-09,1.360690293078503643e-11,1.595654853839517488e-15,1.046280033098478945e-12,3.974438911313882272e-08,8.628888130187988281e-01,1.371017694473266602e-01,9.477678759139962494e-06
3.684814953164305962e-10,5.064674689429478696e-17,3.101530365867688488e-09,1.253388191846394051e-11,1.276805394471633957e-15,6.033696762705598182e-13,3.509023471792716009e-08,7.869741916656494141e-01,2.130171507596969604e-01,8.703116691322065890e-06
2.908367435772163390e-10,4.029683145945978985e-17,3.120266045542052780e-09,1.006621955929043466e-11,7.980976304299328659e-16,4.354825419543295606e-13,3.414280058677832130e-08,8.664028048515319824e-01,1.335924267768859863e-01,4.787293164554284886e-06
2.513463881470556771e-10,4.106110664078938487e-17,3.485310706707878126e-09,1.144460567981120391e-11,7.938748535505149584e-16,4.052541722338043328e-13,3.642738377607201983e-08,8.835561275482177734e-01,1.164400950074195862e-01,3.813499915850115940e-06
2.723597736231653244e-10,2.736115439286770354e-17,2.081201655457221023e-09,8.017773077406697979e-12,6.915456502256701887e-16,3.336176278810609741e-13,1.436090890649666107e-08,7.285339236259460449e-01,2.714593708515167236e-01,6.681268587271915749e-06
4.077828907878000564e-10,6.400220654122895907e-17,3.470990828091657932e-09,1.273834770304516084e-11,1.359851680993997766e-15,7.629906905934347172e-13,4.076013127018995874e-08,8.230913281440734863e-01,1.769004017114639282e-01,8.270360012829769403e-06
4.502236083947508405e-10,6.916401870435176492e-17,3.065777187671869797e-09,1.526750080527161657e-11,1.662010038498880089e-15,8.129424867650558717e-13,3.803448933581421443e-08,7.905927300453186035e-01,2.093947380781173706e-01,1.250267177965724841e-05
3.472631349143995294e-10,3.297437059678927232e-17,2.244988861477281716e-09,9.742290307812595529e-12,8.378458690897025874e-16,3.636511935762448688e-13,1.735296883964565495e-08,6.634685993194580078e-01,3.365220725536346436e-01,9.327428415417671204e-06
3.305445916979010690e-10,2.961084908535674865e-17,2.492694939348893968e-09,9.485694348054796166e-12,6.926591279743951699e-16,3.535036846580297265e-13,1.899651991266182449e-08,7.368763089179992676e-01,2.631157040596008301e-01,7.971556442498695105e-06
3.524994185433172333e-10,4.852089933747840626e-17,2.998274517551635654e-09,1.001416397722332263e-11,9.795328288856328461e-16,4.731914729841357747e-13,3.178714536034021876e-08,8.428686261177062988e-01,1.571252942085266113e-01,6.119943009252892807e-06
2.980873048397114644e-10,4.724640922815875313e-17,3.132444081899166122e-09,1.010032335546640070e-11,9.323559524597653005e-16,5.322595120725581719e-13,2.352290273677226651e-08,8.283534646034240723e-01,1.716402173042297363e-01,6.343267159536480904e-06
4.509234652338989235e-10,6.806827570795992064e-17,2.762035711256771719e-09,1.484111097904694532e-11,1.711210900152211785e-15,8.945955955186324360e-13,2.752392269655956625e-08,7.018805146217346191e-01,2.981049716472625732e-01,1.446366422896971926e-05
2.675378252270377288e-10,2.230490536515768998e-17,1.772877067374167837e-09,7.052630181247909746e-12,5.120254873845937749e-16,2.044733739964277319e-13,1.030816054736760634e-08,6.201349496841430664e-01,3.798564374446868896e-01,8.523542419425211847e-06
4.660641872433757271e-10,5.651696976889780655e-17,2.900629514357433436e-09,1.245470566957340708e-11,1.670397994017302611e-15,9.319655507392110572e-13,3.639781454012336326e-08,7.424033284187316895e-01,2.575836777687072754e-01,1.298348342970712110e-05
2.783927255389784250e-10,5.451778341619799566e-17,3.397785164338529285e-09,1.120805011300962661e-11,1.025376369573403716e-15,5.003892807921295205e-13,3.690887950824617292e-08,9.028468132019042969e-01,9.714843332767486572e-02,4.776113200932741165e-06
4.781943729881277250e-10,6.336751416593947115e-17,2.892419859179540254e-09,1.495514302674028073e-11,1.394850023583361388e-15,9.006220248741758638e-13,3.005211013373809692e-08,7.141094207763671875e-01,2.858752608299255371e-01,1.531698217149823904e-05
4.486614135768007827e-10,4.300226461915737577e-17,1.961650841764139841e-09,1.118375010655814350e-11,1.222416350137251265e-15,6.253726919994151423e-13,1.711423891492813709e-08,5.649116635322570801e-01,4.350714981555938721e-01,1.686463838268537074e-05
4.038459011646011732e-10,4.508511201901079987e-17,2.748795635554301953e-09,1.068722020602930201e-11,1.141010237038127002e-15,5.611458021338722180e-13,2.605816895595580718e-08,7.657371163368225098e-01,2.342535555362701416e-01,9.366061931359581649e-06
3.881197307986639089e-10,4.521950901621596560e-17,2.746477045789674776e-09,1.241799458401304790e-11,1.170299789321233453e-15,7.018084572686655864e-13,3.102098844465217553e-08,7.751692533493041992e-01,2.248208224773406982e-01,9.950488674803636968e-06
2.988042036022875436e-10,3.546832345235910097e-17,2.925469200221186838e-09,8.910926684035924694e-12,7.680525247578755786e-16,4.311251605281646304e-13,2.415573341352228454e-08,8.013674616813659668e-01,1.986270248889923096e-01,5.485342171596130356e-06
5.028348848412633743e-10,6.671373767640228591e-17,2.330217130364076183e-09,1.259691830013398572e-11,1.563832143648528645e-15,9.002057996601586787e-13,2.856432068654157774e-08,6.989489793777465820e-01,3.010370731353759766e-01,1.391624846291961148e-05
3.644329837904081160e-10,3.349677485828591185e-17,2.211912875083044128e-09,9.320358720921184670e-12,8.762264671770118342e-16,3.185761658815178254e-13,1.812909822263009119e-08,7.073062062263488770e-01,2.926840484142303467e-01,9.690302249509841204e-06
4.142289844466517934e-10,7.996636884702876605e-17,4.005347609137288600e-09,1.554670975290051160e-11,1.711524725859169503e-15,9.429442903580165236e-13,5.498198873965520761e-08,8.649663329124450684e-01,1.350257098674774170e-01,7.839230420358944684e-06
3.846328533452236798e-10,5.957197938162765260e-17,3.639035739411156101e-09,1.459934256820005771e-11,1.451119692818885441e-15,6.343546564771540552e-13,4.428182265314717370e-08,8.176143765449523926e-01,1.823766678571701050e-01,8.941849046095740050e-06
5.024429206024194627e-10,5.133838900039732573e-17,2.096409268403931492e-09,1.290236754242224393e-11,1.501982644872966888e-15,8.522541938664474070e-13,2.476728155897944816e-08,6.148694753646850586e-01,3.851132392883300781e-01,1.728847746562678367e-05
3.575555129753382744e-10,5.548798355666144182e-17,3.658729541555771902e-09,1.352578812841009892e-11,1.366391410621511406e-15,6.675090168106745381e-13,4.687852239726453263e-08,8.708768486976623535e-01,1.291169524192810059e-01,6.203055363585008308e-06
3.113575508528754199e-10,4.795004545314331080e-17,3.259368330787992818e-09,1.083950897790009193e-11,8.633095323687389744e-16,4.098742016362538765e-13,2.729228043563125539e-08,8.244642615318298340e-01,1.755301952362060547e-01,5.576989224209683016e-06
2.716899760724089674e-10,4.741536252263393414e-17,3.324014175021261508e-09,1.123421494719778480e-11,8.907324357943337614e-16,4.753353201498999869e-13,3.271389559245108103e-08,8.885502815246582031e-01,1.114447638392448425e-01,4.935846391163067892e-06
3.118108826694054869e-10,5.212178528876669655e-17,3.712316454240749408e-09,1.200276943807976338e-11,1.029127349101200978e-15,5.200927579232517139e-13,3.780681012699460553e-08,8.624468445777893066e-01,1.375475227832794189e-01,5.617282113234978169e-06
3.640683587935455989e-10,8.032840925753097520e-17,3.927580038975975185e-09,1.506204536094735147e-11,1.759796498248481639e-15,1.059920597470953574e-12,3.926900049577852769e-08,8.568976521492004395e-01,1.430937051773071289e-01,8.698568308318499476e-06
3.904861711756524301e-10,4.833021435395023211e-17,2.712227997747618247e-09,1.107208422168604045e-11,1.119078754088700250e-15,6.290609309497763313e-13,2.497812978674573969e-08,7.346689105033874512e-01,2.653210461139678955e-01,1.011038511933293194e-05
5.281267090317953716e-10,5.298894850340808737e-17,1.845147590273654714e-09,1.349860240945632839e-11,1.592785529730693546e-15,8.553660167318066776e-13,1.844631292158283031e-08,5.531483888626098633e-01,4.468276500701904297e-01,2.398722244834061712e-05
3.276414972663843628e-10,3.718944807906553629e-17,2.994282155555083591e-09,9.104138450066745492e-12,8.756715547174418607e-16,3.484687852942786046e-13,2.294820333759162168e-08,7.412899732589721680e-01,2.587034106254577637e-01,6.552484592248219997e-06
3.524954494960041984e-10,4.541334059479429147e-17,2.901076934236357374e-09,1.255303326563872446e-11,1.074863104846433739e-15,5.903201647124156626e-13,2.548699029603085364e-08,7.748714685440063477e-01,2.251192778348922729e-01,9.326854524260852486e-06
7.186797268410316519e-10,8.297981428833904756e-17,2.506324925377612090e-09,1.699323841364286380e-11,2.571960698954348264e-15,1.247495921667673979e-12,3.769847012335958425e-08,6.756258606910705566e-01,3.243512809276580811e-01,2.276887244079262018e-05
3.533116577081329979e-10,3.287829853172491348e-17,2.412163579990078688e-09,8.971651546674230815e-12,7.779020885663445999e-16,3.373440849580022771e-13,2.322519065955930273e-08,7.536206245422363281e-01,2.463721781969070435e-01,7.191381882876157761e-06
4.472480719108773428e-10,7.201988293024824445e-17,3.445634222387639056e-09,1.311083186461559080e-11,1.568709147600582093e-15,9.106945883172179457e-13,4.424840938099805498e-08,8.160583376884460449e-01,1.839327216148376465e-01,8.909005373425316066e-06
3.427274852807471461e-10,3.798535464701915910e-17,2.702860379955041026e-09,1.006119406538052985e-11,9.644487602818098589e-16,4.492301441862828204e-13,2.396073917054764024e-08,7.446998357772827148e-01,2.552913725376129150e-01,8.776460163062438369e-06
4.645547557746709799e-10,6.158767295063157171e-17,2.451640224165885229e-09,1.488642195623945952e-11,1.462245576460189083e-15,9.031029504953658194e-13,2.614890703966921137e-08,6.921164393424987793e-01,3.078667223453521729e-01,1.682054607954341918e-05
2.650943353721402218e-10,3.514965377573427217e-17,2.902565965356984634e-09,9.444889315091131721e-12,7.315292581656581989e-16,3.853166971688054554e-13,2.264876286517392145e-08,8.234003186225891113e-01,1.765947192907333374e-01,5.008051175536820665e-06
4.074622028671370799e-10,6.538870683165564279e-17,3.188153741007226927e-09,1.320740218579974368e-11,1.623017406167620406e-15,1.029625603526929112e-12,3.531356185249023838e-08,7.925722002983093262e-01,2.074178010225296021e-01,9.986210898205172271e-06
3.077500476678096675e-10,5.460505758826724051e-17,3.441942064696945636e-09,1.145966047749746863e-11,1.057765109531395246e-15,5.827119928074331323e-13,4.667210617981254472e-08,9.232222437858581543e-01,7.677368074655532837e-02,4.047397851536516100e-06
3.488974387177989911e-10,3.568553777249307583e-17,2.646513008741635531e-09,9.780544429904836079e-12,8.321294025473609246e-16,4.201209150532514425e-13,1.885176459381909808e-08,7.329802513122558594e-01,2.670118510723114014e-01,7.894909686001483351e-06
3.441499585310481280e-10,4.132361075382186310e-17,2.760359940623402508e-09,1.024282828693268144e-11,9.533370644423727266e-16,4.523275742678023459e-13,2.450896019468018494e-08,7.525051236152648926e-01,2.474873960018157959e-01,7.484880370611790568e-06
3.375303925245987102e-10,6.288867585294477449e-17,3.746570165219509363e-09,1.238411890397417281e-11,1.026097935765345973e-15,7.220200457479231115e-13,3.954497174163407180e-08,8.808511495590209961e-01,1.191434189677238464e-01,5.381436494644731283e-06
5.243921963327125013e-10,7.541145579061366640e-17,2.402048338012718887e-09,1.315045815297732901e-11,1.681869361221967601e-15,9.343974162120960436e-13,2.683459854324610205e-08,7.016506195068359375e-01,2.983351945877075195e-01,1.418486590409884229e-05
3.820591898406888731e-10,5.341383809685207556e-17,3.352296662484377521e-09,1.240690449683112817e-11,1.134032909014238109e-15,5.988106061352582721e-13,3.343186349979987426e-08,8.190129995346069336e-01,1.809798628091812134e-01,7.150601504690712318e-06
2.892507067198124560e-10,2.915816622333097872e-17,2.335990956225941773e-09,8.610225379901415010e-12,6.288966582270187795e-16,3.393398843171135937e-13,1.662252024914323556e-08,7.660473585128784180e-01,2.339469492435455322e-01,5.641132702294271439e-06
2.962344813894901563e-10,5.154331141662876260e-17,3.142233806485705827e-09,1.166524862816764596e-11,1.008549954197078633e-15,5.543677496222532142e-13,3.330168141246758751e-08,8.739766478538513184e-01,1.260179430246353149e-01,5.394844720285618678e-06
4.330622249693050207e-10,5.242443744001004853e-17,2.567582146895119877e-09,1.143769887829160226e-11,1.296409654398479518e-15,5.447776561459671818e-13,2.776018703798399656e-08,7.417243123054504395e-01,2.582646906375885010e-01,1.107078878703759983e-05
5.321617591036442718e-10,6.237001375653932487e-17,2.645097696429843381e-09,1.399570563609398022e-11,1.917610806541456166e-15,9.251580621386090719e-13,2.958795697338700847e-08,6.404132843017578125e-01,3.595696985721588135e-01,1.703289854049216956e-05
4.216900717501914642e-10,5.479312537233729688e-17,3.004622106672627524e-09,1.159663597788407330e-11,1.165430938061297328e-15,6.619229361674860979e-13,3.123593117493328464e-08,7.943335771560668945e-01,2.056578248739242554e-01,8.638890903966967016e-06
2.739375115634601343e-10,3.982660244228054510e-17,2.902821538697253345e-09,1.058665915348866449e-11,8.549315824270058931e-16,4.111333940393785413e-13,2.455890424357676238e-08,8.226596713066101074e-01,1.773346513509750366e-01,5.702394901163643226e-06
3.729095365834211862e-10,5.895250712960914039e-17,3.231397815994796474e-09,1.395306179624578036e-11,1.232417585782838009e-15,6.579652187671536367e-13,3.372856482997121930e-08,8.279585838317871094e-01,1.720335185527801514e-01,7.856073352741077542e-06
3.701410289380646645e-10,5.826781334065204705e-17,3.600213016596853777e-09,1.138372989623048781e-11,1.181437743182035469e-15,6.849369704221841548e-13,3.600221631927524868e-08,8.334361314773559570e-01,1.665570735931396484e-01,6.796739853598410264e-06
4.144941057049322808e-10,4.979112781228218620e-17,2.561860279470806745e-09,1.233747045498168049e-11,1.232258343588754201e-15,6.671781183076319621e-13,2.449726643760641309e-08,7.324516773223876953e-01,2.675360441207885742e-01,1.225272353622131050e-05
2.730579373722008540e-10,4.285035786274568755e-17,3.608989329606515639e-09,9.874286284461408769e-12,7.012073844780855689e-16,3.676367207623015831e-13,2.819130529019275855e-08,8.464276194572448730e-01,1.535679548978805542e-01,4.397278189571807161e-06
3.184706109937707197e-10,3.619236787741656695e-17,2.883329575098514397e-09,9.785524821004365492e-12,8.881586732445423665e-16,3.694092286839895101e-13,2.213523941918538185e-08,7.143610119819641113e-01,2.856295406818389893e-01,9.407410288986284286e-06
4.894520899689780435e-10,4.777257550708128382e-17,2.269501697682585473e-09,1.104855443245789104e-11,1.260769049076860323e-15,7.457422266515800757e-13,2.375150209843468474e-08,6.499446630477905273e-01,3.500421941280364990e-01,1.311039159190841019e-05
2.001331461665145639e-10,1.385716371360167212e-17,1.763867052417822379e-09,5.149487173478073387e-12,3.078138112052420739e-16,1.116974825891674239e-13,8.767275794241413678e-09,6.354378461837768555e-01,3.645575940608978271e-01,4.538915618468308821e-06
2.558585010525860071e-10,4.429659382828850071e-17,3.159835948451927834e-09,8.925442850082898616e-12,7.804577457868884342e-16,4.463031506862780162e-13,2.201349147412656748e-08,8.537387251853942871e-01,1.462566554546356201e-01,4.550752237264532596e-06
3.988603336502194452e-10,5.326673560543809533e-17,2.962745826451396169e-09,1.229974629091135085e-11,1.227516017875314187e-15,6.167840760698539704e-13,2.668254595050711941e-08,7.550774812698364258e-01,2.449122816324234009e-01,1.022180549625772983e-05
3.919655156003898355e-10,6.525067354847769396e-17,3.080631527652144541e-09,1.337094237413571918e-11,1.573310865844777893e-15,9.382254088224906141e-13,3.988323982184738270e-08,8.367879986763000488e-01,1.632025390863418579e-01,9.435156243853271008e-06
4.881479664931021034e-10,5.445799480152266282e-17,2.546550748050435686e-09,1.312499327971172747e-11,1.422173824154127422e-15,8.135076271474639409e-13,2.759998984913636377e-08,6.685891151428222656e-01,3.313982188701629639e-01,1.263556441699620336e-05
4.728646918472634297e-10,5.165071916480754814e-17,2.229152640254028483e-09,1.249596259800256348e-11,1.545816917530732151e-15,7.538867533712911850e-13,2.725590952934453526e-08,6.654235720634460449e-01,3.345615267753601074e-01,1.490227805334143341e-05
4.288158439447187220e-10,6.522841908127756730e-17,3.481571697605545523e-09,1.397004040226690336e-11,1.399329451445797349e-15,7.586094838245294181e-13,4.051580404507149069e-08,8.053901791572570801e-01,1.946015059947967529e-01,8.331931894645094872e-06
3.121937153238718565e-10,5.353901368458850014e-17,3.595818531820782482e-09,1.110204636556311186e-11,1.088114617668872047e-15,5.771297068718483914e-13,3.929197234242565173e-08,8.733113408088684082e-01,1.266832798719406128e-01,5.404234343586722389e-06
3.261382830466175164e-10,6.971094390792692639e-17,4.079791615652084147e-09,1.350015932377601757e-11,1.171409402482136587e-15,6.854790172983182828e-13,4.501824335534365673e-08,8.964701294898986816e-01,1.035246551036834717e-01,5.187808710616081953e-06
3.467525433453744199e-10,4.169929964443119721e-17,2.871678006499678304e-09,1.046245555469393906e-11,9.518054171155001381e-16,5.012379400426425491e-13,2.559533029966587492e-08,7.702811360359191895e-01,2.297110706567764282e-01,7.848067070881370455e-06
3.603864984214055767e-10,4.782713634028528153e-17,3.031954021182059478e-09,1.278445144886619644e-11,1.169826509661955113e-15,5.324208955659326392e-13,3.401359549570770469e-08,8.164899349212646484e-01,1.835021376609802246e-01,7.938949238450732082e-06
5.015166060218234634e-10,4.953922153725773736e-17,2.189152192855203793e-09,1.270351011883885661e-11,1.374669675373264496e-15,8.532651039720728914e-13,2.142855315412361961e-08,5.422009229660034180e-01,4.577779471874237061e-01,2.118915836035739630e-05
2.716492863985564554e-10,2.190086899495616361e-17,2.444211943952723232e-09,7.203397166949399022e-12,4.194649032821960374e-16,1.532565171774233348e-13,1.498481161377185344e-08,6.862249970436096191e-01,3.137703537940979004e-01,4.597884981194511056e-06
4.008523790677287479e-10,6.628254496669064365e-17,3.541130055850771896e-09,1.518187485449740137e-11,1.448634074635167697e-15,8.344657430325863601e-13,5.112815415486693382e-08,8.841786980628967285e-01,1.158137694001197815e-01,7.497485057683661580e-06
4.236786477207488133e-10,6.559686517844338710e-17,3.155024241863202406e-09,1.437467939818803941e-11,1.408275284039105235e-15,9.111585184268244930e-13,3.656147029573730833e-08,8.116745948791503906e-01,1.883152127265930176e-01,1.017683007376035675e-05
4.067888248471263068e-10,3.072396618333465672e-17,1.858328158022004573e-09,8.566397591280860979e-12,8.441037485040173583e-16,3.805230869985409825e-13,1.298097540569642661e-08,5.584231615066528320e-01,4.415641725063323975e-01,1.265501759917242453e-05
3.919191915446873509e-10,5.289444477278512906e-17,2.502582807650810537e-09,1.048409015852458381e-11,1.430375220665917185e-15,6.422778975334608731e-13,2.769780493849793856e-08,7.411551475524902344e-01,2.588332891464233398e-01,1.160563988378271461e-05
5.143888093250836846e-10,1.030655859759190766e-16,3.182639929377728549e-09,1.822795213379801993e-11,2.931019871119577500e-15,2.039226426608919951e-12,4.887252558205545938e-08,8.248326182365417480e-01,1.751510202884674072e-01,1.623051866772584617e-05
3.769429768318843799e-10,3.385088095235251236e-17,2.478805161132413559e-09,9.096006066411366220e-12,8.053742787215577466e-16,3.634961526655794417e-13,2.133313792285207455e-08,6.983320116996765137e-01,3.016595542430877686e-01,8.403972969972528517e-06
3.372080947805500273e-10,4.333259092497430184e-17,2.737632787130905854e-09,1.182557957807306437e-11,9.228830536150284258e-16,4.219007955497122708e-13,2.297974788234569132e-08,7.487033009529113770e-01,2.512886226177215576e-01,8.056613296503201127e-06
3.041548679583172543e-10,3.556311173311277752e-17,2.707228885512336092e-09,9.571236164740426489e-12,7.470125439854339786e-16,3.258243013500722318e-13,2.179797853330001089e-08,7.618855834007263184e-01,2.381085455417633057e-01,5.880428489035693929e-06
2.923984943059565467e-10,3.209789994589543484e-17,2.513413477345238789e-09,9.816504380200097302e-12,7.862306458993409148e-16,3.470008839729504801e-13,2.286456890487897908e-08,7.766855955123901367e-01,2.233081758022308350e-01,6.261108865146525204e-06
3.489653566113304350e-10,4.761447813096524875e-17,3.198582509966740872e-09,1.160177683090513057e-11,1.149941987708686785e-15,5.161724997079786270e-13,2.833047929584608937e-08,7.748227119445800781e-01,2.251695096492767334e-01,7.770103366055991501e-06
3.616458243982378917e-10,4.163146421675694851e-17,2.805136345429559697e-09,1.253531046324640741e-11,1.161838988969347061e-15,6.068583136009664258e-13,2.987357916595101415e-08,7.526821494102478027e-01,2.473068237304687500e-01,1.102815167541848496e-05
3.308510965194244591e-10,4.536159879311787448e-17,2.717089442327846882e-09,1.163293853606583994e-11,1.091373894570788188e-15,5.758784833546914950e-13,2.994049452809122158e-08,8.469302058219909668e-01,1.530629992485046387e-01,6.776038389944005758e-06
3.978775087176700254e-10,7.435572848353468739e-17,4.207005410705733084e-09,1.586775329187606332e-11,1.395117580115575340e-15,7.787704400623318701e-13,4.609236015085116378e-08,8.515082597732543945e-01,1.484853476285934448e-01,6.442110134230460972e-06
3.021916883394482056e-10,3.225452824924357573e-17,2.788688835408947853e-09,9.386273876199613397e-12,7.351914580526713698e-16,3.937439838151007843e-13,2.307081992114490276e-08,7.629952430725097656e-01,2.369982749223709106e-01,6.403466613846831024e-06
3.583780217031318216e-10,3.647292107141495224e-17,2.260706954970714833e-09,9.954184178317948550e-12,9.944752312290275516e-16,5.465166622205253066e-13,1.720407283301028656e-08,6.314472556114196777e-01,3.685409128665924072e-01,1.186888675874797627e-05
3.482130694898444290e-10,3.321677752965916219e-17,2.230813977988077568e-09,9.196765744790003083e-12,8.249289342814297276e-16,4.375291903953304473e-13,1.769469015755475994e-08,6.695300936698913574e-01,3.304617404937744141e-01,8.149725545081309974e-06
3.190699648936146104e-10,5.532681899483406012e-17,3.626388300759231242e-09,1.175927757945949281e-11,1.210530148546668482e-15,6.518608352754085011e-13,3.724245445368978835e-08,8.668943643569946289e-01,1.330988407135009766e-01,6.851955276943044737e-06
2.774638019342745565e-10,3.821817951967323469e-17,3.329967857013116372e-09,9.729233044208918102e-12,7.270018141230247602e-16,4.157154492607367802e-13,2.580755520398270164e-08,8.410013318061828613e-01,1.589940190315246582e-01,4.659611931856488809e-06
4.361380978590290169e-10,6.420648044786015436e-17,3.559942340913835324e-09,1.478149720679500234e-11,1.488723296995766478e-15,8.279401469968306060e-13,4.163218747521568730e-08,8.284444212913513184e-01,1.715464591979980469e-01,9.066852726391516626e-06
3.949364446587111388e-10,7.382411604745910756e-17,3.597709463676324049e-09,1.549633858732857306e-11,1.562362647364160841e-15,9.220125747957941265e-13,4.590847169083644985e-08,8.699408173561096191e-01,1.300502717494964600e-01,8.956602869147900492e-06
4.276487219900815262e-10,6.075576748241964115e-17,3.694208716709113105e-09,1.373277706828712752e-11,1.426673263169942266e-15,7.225379691257194370e-13,4.768605776916956529e-08,8.564248681068420410e-01,1.435683518648147583e-01,6.684389518341049552e-06
3.244888524545075370e-10,6.667051914375761532e-17,3.827544947654359930e-09,1.314889343240199793e-11,1.218272241442809600e-15,8.405805890752959808e-13,3.939258874652296072e-08,8.709887862205505371e-01,1.290050446987152100e-01,6.156255039968527853e-06
3.107326618234651505e-10,3.725565561529428063e-17,3.133832526813762342e-09,9.344859955295881093e-12,7.187001500861037694e-16,4.102494440081511096e-13,2.993190051370220317e-08,8.453349471092224121e-01,1.546609252691268921e-01,4.062664174853125587e-06
3.593864372763988513e-10,4.923628152716121693e-17,3.003074011687090206e-09,1.040892459031050876e-11,1.200775081851377518e-15,6.426867501727051568e-13,2.755225203543432144e-08,8.139835000038146973e-01,1.860086917877197266e-01,7.841349543014075607e-06
2.422021472270330378e-10,1.251548585902739931e-17,1.293446683092724925e-09,4.595211364200046944e-12,3.200566930759577225e-16,1.046867670675966089e-13,6.483944048341072630e-09,4.769604206085205078e-01,5.230328440666198730e-01,6.738132015016162768e-06
5.153362736542987932e-10,9.340902656541582813e-17,3.449494023755050875e-09,1.833391251315763526e-11,2.303612826209423814e-15,1.408038290996727060e-12,5.060994823224973516e-08,8.105250000953674316e-01,1.894608438014984131e-01,1.399496886733686551e-05
4.047060464529295132e-10,4.803429214417061156e-17,2.472377191864438828e-09,1.206908011031071482e-11,1.191657725086250636e-15,6.762057819069411391e-13,2.241699981198053138e-08,6.903576850891113281e-01,3.096298575401306152e-01,1.243533461092738435e-05
2.285021755144001077e-10,3.185529779840098245e-17,2.754129813098415980e-09,9.337706823042690729e-12,6.965063516208242021e-16,3.555295706274275158e-13,2.014419742124573531e-08,8.461132645606994629e-01,1.538823395967483521e-01,4.389210971567081288e-06
2.861733350290052158e-10,4.094181396156943743e-17,3.582778074218140318e-09,1.019621279768623268e-11,7.304854488768448839e-16,3.387321347893268442e-13,3.156068473231243843e-08,8.500425219535827637e-01,1.499535888433456421e-01,3.912451575160957873e-06
4.237666051398747413e-10,6.330529033154078220e-17,3.322880193223909373e-09,1.373345447780449646e-11,1.360525601582656969e-15,7.104544817032598658e-13,2.873932558600245102e-08,7.238498330116271973e-01,2.761380076408386230e-01,1.219450314238201827e-05
3.034098805532181586e-10,4.202326658569881560e-17,2.961979328475194961e-09,1.091139158193588088e-11,8.556921121345218480e-16,4.756396014896080437e-13,2.239477758791963424e-08,7.914975285530090332e-01,2.084957212209701538e-01,6.736247087246738374e-06
3.082547828103798793e-10,3.803035988978694423e-17,3.086550126596421251e-09,9.579291353201124792e-12,7.651929415279450607e-16,3.956199246240438283e-13,2.260681952748200274e-08,7.418230772018432617e-01,2.581705152988433838e-01,6.389765530911972746e-06
3.988684382782992088e-10,5.100710978251473857e-17,2.392183784394319446e-09,1.298254472675841598e-11,1.418461596383667044e-15,6.551929680222168262e-13,2.324997616653945443e-08,6.546947956085205078e-01,3.452899158000946045e-01,1.532192618469707668e-05
3.482002186583343928e-10,4.909249768436479945e-17,2.970237389376961801e-09,9.886689557314642940e-12,9.934264985612083210e-16,4.721045060961104323e-13,2.399255727425497753e-08,7.370026111602783203e-01,2.629889547824859619e-01,8.384407010453287512e-06
3.823437122463246851e-10,4.314314671236495723e-17,2.237699803231407714e-09,1.039122520668511740e-11,1.147427464525643988e-15,5.101864568833602842e-13,2.122475528665290767e-08,6.660056114196777344e-01,3.339825272560119629e-01,1.181913103209808469e-05
2.967469603376571285e-10,3.886407522917914082e-17,3.054453800999112900e-09,1.019773415017466434e-11,8.179867581248518888e-16,3.454909156073299181e-13,2.156353318127912644e-08,7.502403855323791504e-01,2.497525364160537720e-01,7.106340490281581879e-06
2.799735443481665698e-10,1.270411778027521685e-17,1.120903925233562859e-09,4.751707707861818619e-12,3.615052974377812485e-16,1.158527212965360098e-13,6.955156006682727821e-09,4.884091019630432129e-01,5.115828514099121094e-01,8.084463843260891736e-06
3.599356090955296850e-10,3.975342342784920384e-17,2.858366876523632527e-09,1.022850033838285100e-11,9.294113482977541321e-16,4.227382062026857623e-13,2.951668953699027043e-08,7.890430092811584473e-01,2.109510451555252075e-01,5.958084329904522747e-06
3.503590473297180097e-10,5.267645290287535436e-17,2.858588921128557558e-09,1.228609141507019942e-11,1.071160194438393158e-15,5.943679251031730448e-13,2.900694973106965335e-08,8.294637799263000488e-01,1.705290377140045166e-01,7.114722393453121185e-06
3.353846089737544389e-10,3.803372155179635973e-17,2.621507233513398205e-09,1.023905179392547993e-11,8.766028145033887605e-16,4.141195849780010541e-13,2.128261122891217383e-08,7.461715936660766602e-01,2.538200616836547852e-01,8.386876288568601012e-06
3.215707977677340068e-10,3.659637612347726651e-17,2.777560847988524984e-09,9.372189656298157701e-12,7.724261793810231584e-16,3.276407736698544459e-13,2.677608534895625780e-08,8.112515807151794434e-01,1.887430101633071899e-01,5.407572189142229035e-06
3.318635921623069862e-10,3.863161431599458856e-17,2.732061021859522043e-09,9.450299050250965394e-12,7.924308211941239865e-16,4.144844190090424263e-13,2.422755152053923666e-08,7.779431939125061035e-01,2.220506519079208374e-01,6.162002591736381873e-06
3.256214187175032748e-10,5.634440004078454371e-17,3.085605770891675093e-09,1.226197962611585979e-11,1.132951459698831181e-15,6.858562112341259898e-13,3.343070176242690650e-08,8.527241349220275879e-01,1.472690254449844360e-01,6.855421815998852253e-06
2.955054811959456629e-10,3.907397396397569670e-17,2.495255557732889429e-09,1.014328204762549035e-11,8.203897905962123389e-16,4.243940539706142490e-13,1.994920850734160922e-08,8.007071018218994141e-01,1.992862820625305176e-01,6.661581210209988058e-06
3.750549315562068386e-10,5.281965441052053451e-17,3.320890895608386018e-09,1.202768613872695624e-11,1.196775074637087492e-15,7.003543795250366522e-13,4.099917916278172925e-08,8.646757602691650391e-01,1.353179067373275757e-01,6.308446700131753460e-06
3.690379946075239559e-10,3.309437134261356515e-17,1.720834919005653774e-09,9.422771590772427430e-12,9.116102097573761630e-16,3.910546203262504905e-13,1.261081195025326451e-08,5.105853676795959473e-01,4.893987178802490234e-01,1.589270686963573098e-05
2.823416500596920287e-10,4.998594539015067527e-17,3.981763807558991175e-09,1.263687331859442153e-11,9.617935237504044409e-16,4.866708164935618086e-13,3.815869220602507994e-08,8.626692891120910645e-01,1.373255550861358643e-01,5.148175659996923059e-06
5.145236459114244099e-10,5.222865040646364730e-17,1.816558348188834771e-09,1.085139617051922301e-11,1.381992063444041109e-15,7.473922739378857649e-13,1.560471041273103765e-08,5.172585248947143555e-01,4.827190339565277100e-01,2.241833135485649109e-05
3.398388237485505670e-10,3.644110770505616279e-17,2.309786806264924053e-09,1.130193248016775343e-11,8.865050002337059552e-16,5.291754447828145302e-13,2.089037209884736512e-08,7.421762943267822266e-01,2.578147649765014648e-01,8.881122994353063405e-06
3.545468363341797158e-10,4.992518070235252986e-17,3.592727004786411271e-09,1.239529572732989138e-11,1.038361596413048954e-15,5.024511080635452043e-13,3.743564747082928079e-08,8.513192534446716309e-01,1.486744135618209839e-01,6.362682142935227603e-06
3.682272542437914353e-10,5.154549848216835280e-17,2.883664640407346269e-09,1.306658427291385038e-11,1.212776903439260513e-15,6.714549164073269072e-13,3.632399980801892525e-08,8.225647807121276855e-01,1.774272024631500244e-01,7.978514076967258006e-06
3.127917924672374284e-10,4.313042467454389166e-17,3.084757782545466398e-09,1.144957999937856741e-11,8.557348872983581902e-16,3.934530381621142991e-13,2.528814846414206841e-08,7.922681570053100586e-01,2.077253460884094238e-01,6.481970558525063097e-06
3.775116885762486163e-10,3.379903988900258901e-17,2.001263599282765426e-09,9.438857681565160362e-12,1.021294517800585243e-15,4.605643123822833473e-13,1.755286049842652574e-08,6.258380413055419922e-01,3.741500079631805420e-01,1.194683318317402154e-05
3.847956120406337277e-10,4.750124372255163968e-17,2.395338372096489366e-09,1.250210698855447333e-11,1.170423244373295767e-15,6.642894242493702084e-13,2.325192482999227650e-08,7.494009733200073242e-01,2.505866289138793945e-01,1.238635377376340330e-05
