7.356845688200053246e-11,1.650571083539337377e-17,3.871690523737925105e-09,4.612108871898668028e-12,1.923988091131554191e-16,8.265328525769444212e-14,3.558948336035427928e-08,9.868586063385009766e-01,1.314106490463018417e-02,2.745759104527678574e-07
6.921036660445523125e-11,2.320966228427839080e-17,5.502361233311603428e-09,5.500799902385944407e-12,2.420477379606948394e-16,1.147056760556278143e-13,5.737235042602151225e-08,9.925745725631713867e-01,7.425026968121528625e-03,2.300435539837053511e-07
7.401358692593618116e-11,1.864161690845839929e-17,4.546015563988703434e-09,5.010214031847537441e-12,1.943249620352116981e-16,8.010307234141908483e-14,3.707246420958654198e-08,9.871685504913330078e-01,1.283118501305580139e-02,2.637943907757289708e-07
9.214003171553741822e-11,1.782347903436180131e-17,4.548973642215514701e-09,5.126494714846607792e-12,1.981047671529952083e-16,9.704459864824308002e-14,3.836061424067338521e-08,9.831924438476562500e-01,1.680720224976539612e-02,3.243683579512435244e-07
5.719989065733344091e-11,1.964459656223609683e-17,4.847724000001107925e-09,4.888337998276703900e-12,1.758279859286643212e-16,7.220533714121998847e-14,3.961907779626017145e-08,9.927458167076110840e-01,7.253952324390411377e-03,1.647027119133781525e-07
7.247543537536316194e-11,1.952884752476032656e-17,4.360396932412413662e-09,4.894539201022451991e-12,1.928566304211463685e-16,9.236518207179564288e-14,3.709321561018441571e-08,9.896635413169860840e-01,1.033619511872529984e-02,2.554549780597881181e-07
7.902858922825828358e-11,1.242583188833583941e-17,3.455141728281319047e-09,4.336043676889111964e-12,1.562126616339452509e-16,6.220431748903479385e-14,2.686524780415311398e-08,9.762500524520874023e-01,2.374962158501148224e-02,3.529116554545908002e-07
7.037222887751326539e-11,2.463359415178432413e-17,5.366503241788223022e-09,5.942401518771456281e-12,2.472077567962496303e-16,1.295094538339078283e-13,5.387428103631464182e-08,9.920056462287902832e-01,7.994002662599086761e-03,2.448919929065596079e-07
7.741327023857991207e-11,1.572705098321148159e-17,4.788119678522662070e-09,4.604357693727134659e-12,1.811838149588226648e-16,6.378065935640220285e-14,3.123747305266988405e-08,9.825878739356994629e-01,1.741189323365688324e-02,2.715254368013120256e-07
7.916882427405624867e-11,1.927274578966900877e-17,5.752090359578687639e-09,4.574767648035660272e-12,1.705544382083978524e-16,7.408215886442817699e-14,5.517129864074377110e-08,9.918233752250671387e-01,8.176314644515514374e-03,1.784773644430970307e-07
7.441726401768988808e-11,2.218788743262226337e-17,5.537721392556704814e-09,5.223287947997423686e-12,2.331515891436993382e-16,1.095135741531298723e-13,5.727191876303550089e-08,9.919224977493286133e-01,8.077187463641166687e-03,2.176644215978740249e-07
5.380755216388699580e-11,1.767758422664214850e-17,6.677040698122027607e-09,4.804746444458940502e-12,1.483155352386769936e-16,5.915988456495907544e-14,4.955261800887456047e-08,9.940133690834045410e-01,5.986534524708986282e-03,1.209270976687548682e-07
7.406807112086966072e-11,1.344708975210912120e-17,4.237957540453862748e-09,4.984676733876813870e-12,1.654393518237169420e-16,6.574133734138856711e-14,3.120187841432198184e-08,9.802859425544738770e-01,1.971377618610858917e-02,2.710002036110381596e-07
1.017543480030802527e-10,1.545767465364991281e-17,3.620452160291165455e-09,5.214089143085187672e-12,2.223674303570536033e-16,7.900416567696924575e-14,2.612698679627101228e-08,9.644951820373535156e-01,3.550422191619873047e-02,5.652826189361803699e-07
6.474509817167017900e-11,1.493295097771567460e-17,4.177655554826742446e-09,4.175171059578319799e-12,1.607539361364205763e-16,6.795371286071744121e-14,2.952672062406236364e-08,9.859288334846496582e-01,1.407089736312627792e-02,2.124746174558822531e-07
5.883102338621881700e-11,1.543350939923478866e-17,5.557460713845330247e-09,4.596739221901513517e-12,1.453776941053540588e-16,6.395094008385462936e-14,4.465777436735152151e-08,9.916927814483642578e-01,8.307076059281826019e-03,1.478469613402921823e-07
8.169846743566466785e-11,2.105046280516387203e-17,5.156920668270004171e-09,5.058664424850700669e-12,2.290837398842901626e-16,8.800701459905566071e-14,5.050392815064697061e-08,9.871735572814941406e-01,1.282622106373310089e-02,2.667658236532588489e-07
6.973720212410938757e-11,2.071065039208218783e-17,5.165578631505240992e-09,4.865412760179932405e-12,1.925679907094796648e-16,8.918812411697063514e-14,4.444828860528104997e-08,9.889063835144042969e-01,1.109338644891977310e-02,2.110258918719409849e-07
6.029674676222285257e-11,1.840102646421367587e-17,4.606612868940374028e-09,4.404533161805890273e-12,1.878308530728415833e-16,8.066859897085110198e-14,3.492909783631148457e-08,9.909404516220092773e-01,9.059336967766284943e-03,1.896227104225545190e-07
7.843317662015181213e-11,2.452913778403112779e-17,4.401981446022773525e-09,5.370673957644234164e-12,2.513039022500530200e-16,1.502319048243133670e-13,4.427539934681590239e-08,9.896133542060852051e-01,1.038628071546554565e-02,3.188412449617317179e-07
7.542488855705187234e-11,1.377383932895736798e-17,4.055892954824003027e-09,4.340215686848836185e-12,1.848100688851367314e-16,6.932913851299613017e-14,3.304622353539343749e-08,9.845494031906127930e-01,1.545033510774374008e-02,2.724252681218786165e-07
8.618945834815150420e-11,1.712850504475189894e-17,4.188031255125679309e-09,4.847484826736581098e-12,1.997536358988339115e-16,9.170974797721026528e-14,3.287657790451703477e-08,9.798557758331298828e-01,2.014383487403392792e-02,3.453299655120645184e-07
8.006412893779568662e-11,1.658662233419086072e-17,4.532968667092518444e-09,4.698284730014767874e-12,2.053064662636778842e-16,7.814505065175531007e-14,3.370167078742269950e-08,9.793316125869750977e-01,2.066809125244617462e-02,3.292114740816032281e-07
6.632384225158105551e-11,1.546072198702655817e-17,4.139613096754146682e-09,4.502293503294563237e-12,1.713535079150138780e-16,8.042302717878313523e-14,3.651985025499016047e-08,9.885081648826599121e-01,1.149154826998710632e-02,2.186711043350442196e-07
7.087714443132497877e-11,1.733283354530352273e-17,5.341161291028129199e-09,4.988968006075511497e-12,1.783868989320991643e-16,7.390174762292658905e-14,4.327262814740606700e-08,9.901801347732543945e-01,9.819714352488517761e-03,1.965677540738397511e-07
5.972001365650569937e-11,1.242160747694753109e-17,5.129813906989966199e-09,4.349144742260557805e-12,1.348044862272440472e-16,4.983461763369799458e-14,3.944157356272626203e-08,9.901150465011596680e-01,9.884762577712535858e-03,1.585199385090163560e-07
8.035857396171408595e-11,2.420510632267573026e-17,5.713474582336175445e-09,6.349636528374391631e-12,2.310584913216951570e-16,1.040241026997734686e-13,4.759469973691921041e-08,9.855483174324035645e-01,1.445131003856658936e-02,3.689294203468307387e-07
6.851062078760961072e-11,1.906868529563585216e-17,5.756943810553138974e-09,5.298613544452157598e-12,1.773814575888185089e-16,7.903310032244745265e-14,4.532092745535010181e-08,9.893128275871276855e-01,1.068701874464750290e-02,2.089806798721838277e-07
4.990871951826569841e-11,1.331181263473219905e-17,5.403954173033298503e-09,3.722052180354928907e-12,1.132819216679941104e-16,5.161573141013002519e-14,3.587076591315963014e-08,9.930053353309631348e-01,6.994611583650112152e-03,1.051872047241886321e-07
5.140505035527986877e-11,1.119806259437440638e-17,3.810257442893316693e-09,3.959933943253890476e-12,1.339246969277326470e-16,5.437012331240692609e-14,3.472166909546103852e-08,9.923253059387207031e-01,7.674533408135175705e-03,1.494070431817817735e-07
8.226941350386596241e-11,1.732423583001664656e-17,4.856405944053676649e-09,5.178885965906321331e-12,1.982994126772962863e-16,7.738986995730126606e-14,4.376959239493771747e-08,9.846353530883789062e-01,1.536437030881643295e-02,2.923327997450542171e-07
6.397536667090975016e-11,1.402803854863981381e-17,3.856010621916539094e-09,4.180610718718114072e-12,1.712208016749807707e-16,6.022944323185244753e-14,3.446454854838520987e-08,9.876182079315185547e-01,1.238151919096708298e-02,2.367953868542826967e-07
6.591964474278455555e-11,1.688365792907497764e-17,4.774681983121809026e-09,4.882964258628996745e-12,1.816438729631899575e-16,6.982652303588743337e-14,3.509702750648102665e-08,9.860678315162658691e-01,1.393201481550931931e-02,2.346732799196615815e-07
5.260827537489909389e-11,1.505638617744328760e-17,5.007423364844498792e-09,4.313271094458226429e-12,1.306202493469262103e-16,6.177727058208348776e-14,4.460786939830541087e-08,9.949131011962890625e-01,5.086735822260379791e-03,1.064251478055666666e-07
7.884080194253684226e-11,1.648790825425000751e-17,3.929625957965754424e-09,4.768936547744351273e-12,2.285447357622608089e-16,8.693325464874390729e-14,3.226110223408795719e-08,9.774625301361083984e-01,2.253705263137817383e-02,3.615762693698343355e-07
1.027672252851274948e-10,2.095372403252579544e-17,4.525285035583692661e-09,5.494428263058681594e-12,2.697161485920953651e-16,1.017790452612077345e-13,3.272942095122743922e-08,9.680337905883789062e-01,3.196573257446289062e-02,5.135390779287263285e-07
9.789337396259867319e-11,2.123646098334132072e-17,4.116730067948992655e-09,5.482589642696877874e-12,2.753187950821497313e-16,1.227886607495232152e-13,3.721669372680480592e-08,9.788827300071716309e-01,2.111680246889591217e-02,4.820653316528478172e-07
5.573863592900352160e-11,1.632703651435946958e-17,4.616733217943647105e-09,4.729427786898110497e-12,1.909261893947946146e-16,9.259512780005266230e-14,4.597894331936913659e-08,9.932330250740051270e-01,6.766720209270715714e-03,1.772628621665717219e-07
7.251001188368633166e-11,2.327594592112349002e-17,5.571143102400810676e-09,4.553536801094049125e-12,2.178689177835248193e-16,1.119635322497682106e-13,5.900373878375830827e-08,9.939143061637878418e-01,6.085441447794437408e-03,1.595675342969116173e-07
7.715970917754333414e-11,2.011512501879708577e-17,4.213468240976681045e-09,5.656546845506094101e-12,2.391840519149260585e-16,1.044688288783998664e-13,4.920965324117787532e-08,9.912883043289184570e-01,8.711464703083038330e-03,2.571778168203309178e-07
6.491488596660488497e-11,1.694964708962200798e-17,4.594467029050974816e-09,4.512070404805168522e-12,1.858348464024164263e-16,7.861283645533775899e-14,3.644562340809898160e-08,9.872933626174926758e-01,1.270646043121814728e-02,2.352878567535299226e-07
7.305855920236581369e-11,2.645326411358665185e-17,5.616181297796174476e-09,5.741816744286865060e-12,2.434453423236644350e-16,1.214697694642760673e-13,5.822645476882826188e-08,9.927271604537963867e-01,7.272490765899419785e-03,1.825880815431446536e-07
9.067541856255800781e-11,2.804867548515850312e-17,5.149446202779017767e-09,6.310391011815630335e-12,2.812315350402379765e-16,1.352893762730095206e-13,4.534666331323933264e-08,9.878150224685668945e-01,1.218469068408012390e-02,3.136029818051611073e-07
7.065569657127568348e-11,2.006679616432806258e-17,4.338263082104276691e-09,5.290783870043336279e-12,2.243375760528079025e-16,1.111250306183586556e-13,3.690091432417830219e-08,9.888689517974853516e-01,1.113078743219375610e-02,2.857167089587164810e-07
5.939380237629521275e-11,1.293371747572094819e-17,4.352141758090510848e-09,4.091673614509128143e-12,1.376362364839233809e-16,5.160097270805706626e-14,3.562748673857640824e-08,9.895964264869689941e-01,1.040336303412914276e-02,1.662066324570332654e-07
7.391358358699307018e-11,1.645283579627775913e-17,4.594781000122338810e-09,4.122501385400711982e-12,1.917649240661437830e-16,6.517019996571393747e-14,3.269357407020834216e-08,9.832283258438110352e-01,1.677135750651359558e-02,2.935714178420312237e-07
8.114976052242539595e-11,1.785909246845465936e-17,4.278736032148344748e-09,5.312831338061263509e-12,2.052983929808993666e-16,8.460821697116663320e-14,3.857622132841243001e-08,9.856606721878051758e-01,1.433906145393848419e-02,3.035817996988043888e-07
7.035468041483028401e-11,1.993832674339245185e-17,5.151820747784086052e-09,5.211129271154302245e-12,2.069655523444428424e-16,8.769672271355388737e-14,4.332365932668835740e-08,9.886287450790405273e-01,1.137094292789697647e-02,2.393448994553182274e-07
6.418260367624384344e-11,2.025564646125759411e-17,5.625856669411177791e-09,4.755137256173824767e-12,1.902661389706467011e-16,8.140725913470189812e-14,4.770417660893144784e-08,9.920787215232849121e-01,7.921105250716209412e-03,1.967937066638114629e-07
7.856700012798256694e-11,1.537654312480948675e-17,4.222882932225502373e-09,4.786195311606844527e-12,1.986619824833905294e-16,8.490309963329195631e-14,3.161045825095243345e-08,9.814099073410034180e-01,1.858978159725666046e-02,3.592514019601367181e-07
7.838665133652611416e-11,1.680086376720332000e-17,4.408585496662453806e-09,4.764437542409405424e-12,1.932168444168560605e-16,8.550098969757266576e-14,3.656960245734808268e-08,9.858848452568054199e-01,1.411491725593805313e-02,2.909942793394293403e-07
8.249073646382498737e-11,2.094716118154579972e-17,4.914153528545739391e-09,5.218893026071036445e-12,2.307329130325942853e-16,8.595173997451993619e-14,4.724167013137048343e-08,9.894786477088928223e-01,1.052110828459262848e-02,2.630730762120947475e-07
6.010154873781203833e-11,1.749359609735320366e-17,5.468630437377441922e-09,4.483256214188324762e-12,1.748046377794831179e-16,8.434137448772721646e-14,5.186888785146948067e-08,9.932299852371215820e-01,6.769881583750247955e-03,1.465862453642330365e-07
5.924784274302652420e-11,1.880434815036595642e-17,5.181433504475307927e-09,5.117163637269328547e-12,1.783766551273933076e-16,7.394331999997783011e-14,5.398847591209232633e-08,9.945673942565917969e-01,5.432505160570144653e-03,1.472955801773423445e-07
5.433595934301038710e-11,1.822842034015346069e-17,5.929407631555250191e-09,4.854883422361622181e-12,1.609782675185449574e-16,7.420178702163479634e-14,4.592734370589823811e-08,9.943272471427917480e-01,5.672566592693328857e-03,1.373537514837153140e-07
9.114792948183847443e-11,1.551094177637587758e-17,3.876182042006348638e-09,4.935852507964577640e-12,1.890787443623839813e-16,7.381302600389938462e-14,3.219843947022127395e-08,9.787303805351257324e-01,2.126920968294143677e-02,3.733682660822523758e-07
7.014480662981270598e-11,1.923756910693957871e-17,5.209762843350063122e-09,5.417763460080493587e-12,1.894113503779691035e-16,8.077856417619544427e-14,4.590863156295199587e-08,9.910410046577453613e-01,8.958835154771804810e-03,2.286921017002896406e-07
9.150751684172675482e-11,2.393573826492028701e-17,4.997266156436808160e-09,5.777559854147629181e-12,2.875913495757988821e-16,1.197389355635930519e-13,4.372425266296886548e-08,9.821906089782714844e-01,1.780898682773113251e-02,4.499167687299632234e-07
8.603071033341791463e-11,2.085676853856722996e-17,5.609588349386740447e-09,5.863537520106598677e-12,2.300652393119210831e-16,1.337450658035754802e-13,5.114951662221756123e-08,9.867057204246520996e-01,1.329398434609174728e-02,2.770197795598505763e-07
6.878327074577583744e-11,2.129877415324616540e-17,6.957104226046340045e-09,4.743213200680829189e-12,2.054191878201117104e-16,9.022719637402643045e-14,5.696135119137579750e-08,9.926458597183227539e-01,7.353846915066242218e-03,1.662662754142729682e-07
7.767964049776310276e-11,1.674860415046344482e-17,4.548430521111868075e-09,4.728547848414921262e-12,1.926092438609889094e-16,7.458719378889908103e-14,4.138102482897920709e-08,9.878097772598266602e-01,1.218999549746513367e-02,2.396335787580028409e-07
5.828181687261846378e-11,1.501557474038114632e-17,5.435920158447515860e-09,4.403319722734444497e-12,1.500830812413599048e-16,7.052748684545362412e-14,4.915473184041729837e-08,9.927083849906921387e-01,7.291485555469989777e-03,1.420643513938557589e-07
8.030032888628468868e-11,2.007029182959671167e-17,5.374768630161952387e-09,5.181422565309068418e-12,2.077964784308095102e-16,1.009831324463861257e-13,3.899003075957807596e-08,9.856250882148742676e-01,1.437467616051435471e-02,2.689239693154377164e-07
5.677169498397027780e-11,1.447445303598365689e-17,5.017291027087367183e-09,3.953938305240045636e-12,1.438122713397097050e-16,6.052800540510064331e-14,4.108702711391742923e-08,9.932712912559509277e-01,6.728614214807748795e-03,1.231048827321501449e-07
4.995150473807719038e-11,1.365349116727580288e-17,5.384346746239998538e-09,3.959650315965568268e-12,1.198508342275186205e-16,6.051020416068114693e-14,4.755915128384913260e-08,9.952489733695983887e-01,4.750931635499000549e-03,1.053322122857025533e-07
6.942375840868209025e-11,1.571136433007502598e-17,4.249747220796962210e-09,4.797828800917613989e-12,1.823712625066445880e-16,7.295282677651296344e-14,3.345893873074601288e-08,9.841499924659729004e-01,1.584972999989986420e-02,2.687456515104713617e-07
6.505043725901771268e-11,1.651527304327448677e-17,4.216077265084550163e-09,4.427354316494103159e-12,1.699091446863778849e-16,6.576631464893720191e-14,3.599091513706298429e-08,9.899005293846130371e-01,1.009930111467838287e-02,2.211208851576884626e-07
7.382249672671648000e-11,1.684237499906368114e-17,4.431937927762419349e-09,4.448929072364826709e-12,1.776970700058993417e-16,8.391234213554754628e-14,3.897322287116367079e-08,9.902567863464355469e-01,9.742972441017627716e-03,2.321997669696429512e-07
5.417874829327651298e-11,1.550975559937747654e-17,5.609931630345954545e-09,4.432882446531172249e-12,1.412390249506205431e-16,5.474541989441278345e-14,4.433085720734197821e-08,9.937335848808288574e-01,6.266293581575155258e-03,1.266752747142163571e-07
6.111609135439621809e-11,1.598133622967763294e-17,6.337619762319945949e-09,4.446003894903460818e-12,1.442054799156929122e-16,5.871720481793324398e-14,5.477886944049714657e-08,9.930849075317382812e-01,6.914829835295677185e-03,1.281057109281391604e-07
6.059688861803635973e-11,1.483135003743701132e-17,4.932741326513223612e-09,4.136305447460797424e-12,1.444204542307280935e-16,5.293094996051787848e-14,3.609753562727746612e-08,9.909600019454956055e-01,9.039890021085739136e-03,1.662909596689132741e-07
5.586462889506371710e-11,1.578734748678292199e-17,4.574970624560137367e-09,4.273780548208483410e-12,1.439963157172803035e-16,5.968213797518176489e-14,3.542250937016433454e-08,9.915763735771179199e-01,8.423548191785812378e-03,1.497553085982872290e-07
5.220999327315567484e-11,1.332962266050107829e-17,4.596802494205576295e-09,3.786633333280331470e-12,1.304351726479511457e-16,5.059712008094810476e-14,3.024801031870083534e-08,9.902192950248718262e-01,9.780614636838436127e-03,1.522847412616101792e-07
7.657772332914092317e-11,1.630705679384386375e-17,4.360035443795595711e-09,4.741548733505629443e-12,1.843994696639552093e-16,7.922846000140218448e-14,3.720939645290854969e-08,9.859623312950134277e-01,1.403737254440784454e-02,2.655316677646624157e-07
4.628090619074320955e-11,1.206067548846614300e-17,4.969266775844971562e-09,3.839264843541467798e-12,1.099218941674690107e-16,4.931692803699511130e-14,3.668074199936199875e-08,9.942408800125122070e-01,5.759061314165592194e-03,1.015056270148306794e-07
7.368140125807443042e-11,2.369472761292438666e-17,6.961679677175425240e-09,5.499922132307100142e-12,2.243723573432045322e-16,9.734726723721956465e-14,7.153140302307292586e-08,9.939885139465332031e-01,6.011219229549169540e-03,1.691825417537984322e-07
7.185673583931517783e-11,1.466904065764185623e-17,5.378275602652138332e-09,3.953059234118594389e-12,1.449555011207069935e-16,5.635821467169822852e-14,4.167728206994070206e-08,9.896279573440551758e-01,1.037186384201049805e-02,1.634867174971077475e-07
6.143358738386339724e-11,2.047269369090783326e-17,6.458916512741552651e-09,5.136775987207853333e-12,2.034688812241688830e-16,8.357417270168573942e-14,6.208130542972867261e-08,9.936582446098327637e-01,6.341503933072090149e-03,1.602575991910271114e-07
4.098306763400394459e-11,1.102931444069113853e-17,4.378551743400294072e-09,3.457971105638724119e-12,1.023971380141925247e-16,4.204412696901665969e-14,2.785594332976870646e-08,9.939376115798950195e-01,6.062245927751064301e-03,9.021316316193406237e-08
5.155300492054593064e-11,1.711226748932748301e-17,6.157243603865936166e-09,4.437511989807685353e-12,1.587336831478802649e-16,6.876631561273174875e-14,6.537661789707271964e-08,9.958042502403259277e-01,4.195489920675754547e-03,1.072407087576721096e-07
4.355322352767032612e-11,1.563475086174036455e-17,6.225238102786079253e-09,4.098974198257776536e-12,1.204125361855564293e-16,6.445756743026637148e-14,4.838513589788817626e-08,9.952288866043090820e-01,4.770999774336814880e-03,9.685211921350855846e-08
7.267345752959286642e-11,1.635508620893114275e-17,4.953929266804379949e-09,4.628549713642238217e-12,1.937974855021988834e-16,9.552821316101411941e-14,4.925439966996236762e-08,9.905389547348022461e-01,9.460805915296077728e-03,2.118850943588768132e-07
6.276665992510643832e-11,1.450212222747355567e-17,4.949589627045725138e-09,4.202955258131302330e-12,1.530246810833862806e-16,6.190222488246244215e-14,4.320990498740684416e-08,9.927586317062377930e-01,7.241224870085716248e-03,1.436648204844459542e-07
7.190413542357276810e-11,1.620687860421879167e-17,4.379917317720583014e-09,4.128285820831356645e-12,1.909922182600110475e-16,7.142002917889800351e-14,3.700346340451687865e-08,9.856902956962585449e-01,1.430942583829164505e-02,2.421560054699511966e-07
6.385276335452161334e-11,1.896807531773102740e-17,5.756169763060370315e-09,4.554879043383586179e-12,1.872944429892131959e-16,8.506071552411703651e-14,5.219835230718672392e-08,9.928978681564331055e-01,7.101912051439285278e-03,1.598789083345764084e-07
5.352644716349885812e-11,1.212442133519192952e-17,4.157634680979072073e-09,3.886965402322140051e-12,1.367326508525500551e-16,5.185025111630221784e-14,3.236964118968899129e-08,9.900696873664855957e-01,9.930142201483249664e-03,1.737630128673117724e-07
5.125199917244138703e-11,1.277363817485723606e-17,4.911219431136260027e-09,3.800051853047881067e-12,1.207042993312161332e-16,5.169341788392040060e-14,3.319418695468812075e-08,9.912407994270324707e-01,8.759097196161746979e-03,1.331054875208792510e-07
3.843946688730781602e-11,1.472911878553158263e-17,6.261736462676026349e-09,3.899334848067592674e-12,1.221758470235030690e-16,6.261959402615105419e-14,5.066241826057193975e-08,9.968777894973754883e-01,3.122125286608934402e-03,7.018838488193068770e-08
6.468571511764054094e-11,1.667343659383952608e-17,4.431705669105667766e-09,4.671299371622472663e-12,1.792481329161097750e-16,6.129803966931773873e-14,2.934016585243170994e-08,9.845250248908996582e-01,1.547469664365053177e-02,2.633445035371551057e-07
7.763264336935193910e-11,1.891233657933475418e-17,5.410063064203995964e-09,5.142380878758734397e-12,1.963185070161338973e-16,7.546219915220350738e-14,4.474080128602508921e-08,9.876114726066589355e-01,1.238822564482688904e-02,2.497951356872363249e-07
3.785101398978696352e-11,9.925052311170610617e-18,5.055128315945012218e-09,3.282710691818180315e-12,8.804055159805277385e-17,3.609201289613353514e-14,3.451194174886040855e-08,9.952436089515686035e-01,4.756350535899400711e-03,6.871850644074584125e-08
5.151863310959292619e-11,1.384360043309764012e-17,4.115096707835164125e-09,3.786027047425477576e-12,1.508141897888485737e-16,5.466295276666810476e-14,3.124755920680399868e-08,9.916028380393981934e-01,8.396960794925689697e-03,1.635787896248075413e-07
4.773015316317241741e-11,1.489407845200935762e-17,5.127485547262722321e-09,3.962827462011819790e-12,1.287113414862804369e-16,6.008095496806697966e-14,4.139737441732904699e-08,9.951208233833312988e-01,4.879038780927658081e-03,1.067425756673401338e-07
5.457586119139712366e-11,1.445968455332713513e-17,5.008893744218312349e-09,4.430218778633809862e-12,1.561182836347754007e-16,6.194551843046250394e-14,3.653901359257361037e-08,9.912893772125244141e-01,8.710502646863460541e-03,1.575188406377492356e-07
5.236709330058708645e-11,1.359870285940335309e-17,5.310786921342014466e-09,4.173091993492361595e-12,1.235072637025786215e-16,5.390158534356731534e-14,3.477637022797352984e-08,9.919323325157165527e-01,8.067521266639232635e-03,1.403713554282148834e-07
6.152083009691722282e-11,1.528096405939020951e-17,3.739974552274816233e-09,4.517591595948333705e-12,1.697415248070501394e-16,6.505375665238899430e-14,3.013898108861212677e-08,9.902980923652648926e-01,9.701719507575035095e-03,2.331729973548135604e-07
7.283343372854744757e-11,1.552037163535898210e-17,3.839300877217510788e-09,4.421235513113463966e-12,1.897495150472705821e-16,6.558203416093255633e-14,3.415352622937462002e-08,9.845057129859924316e-01,1.549398899078369141e-02,2.892901136419823160e-07
6.387686213304988314e-11,2.110080336288262418e-17,5.153923954281935949e-09,4.986607914786445050e-12,1.998661456970309241e-16,8.986239622430294838e-14,4.416432730636188353e-08,9.918130636215209961e-01,8.186793886125087738e-03,1.841437295979631017e-07
5.848400930208441650e-11,1.723872520701336477e-17,5.406756820036662248e-09,4.140621873149896714e-12,1.431176249136223736e-16,5.937160214419118232e-14,4.063480218974291347e-08,9.921947717666625977e-01,7.805030792951583862e-03,1.319537830113404198e-07
6.380244249593047812e-11,1.468368671756772013e-17,5.461587182509219929e-09,4.154292361502331943e-12,1.469596604832494732e-16,5.956034141363017453e-14,4.681285759033926297e-08,9.927874207496643066e-01,7.212426047772169113e-03,1.348890066310559632e-07
6.720774631263637389e-11,2.012132721903000837e-17,5.381349144073510615e-09,5.152816975190210869e-12,2.253560272927627919e-16,9.839834025707205889e-14,4.234309258777102514e-08,9.887384176254272461e-01,1.126136630773544312e-02,2.358926138867900590e-07
6.407603614366763622e-11,2.140781144723168041e-17,6.060300705712506897e-09,5.043678148741737033e-12,1.967274386412005125e-16,1.057330831504173230e-13,5.761138055504488875e-08,9.940425753593444824e-01,5.957186222076416016e-03,1.392715915926601156e-07
5.785315282391678693e-11,1.829216453251802211e-17,5.432826188922490473e-09,4.614441641292987839e-12,1.626083427208664558e-16,7.206043352086730081e-14,4.709476186803840392e-08,9.940243363380432129e-01,5.975489504635334015e-03,1.387162882338088821e-07
7.044995142813093025e-11,1.517989747778725548e-17,4.231484052041878385e-09,4.547373328583903529e-12,1.700756396000725583e-16,7.003050212211342496e-14,3.494555755878536729e-08,9.848974347114562988e-01,1.510225702077150345e-02,2.578586020263173850e-07
5.238426359355230488e-11,1.251662654109210994e-17,3.611680288173602094e-09,3.428294106933016394e-12,1.265345594560654909e-16,4.646951497645074314e-14,2.513945851490007044e-08,9.899210929870605469e-01,1.007878500968217850e-02,1.522155059774377150e-07
3.993844491234632699e-11,1.049572173422910675e-17,4.679561627085604414e-09,3.238293530896663164e-12,9.951189895038306207e-17,4.059138753744438721e-14,3.076921828437662043e-08,9.944705963134765625e-01,5.529327318072319031e-03,9.733461325822645449e-08
4.653861324088737206e-11,1.277831009095693556e-17,5.039550110552681872e-09,3.668048070143425932e-12,1.174524869071476708e-16,5.168935212577357996e-14,4.257721997191765695e-08,9.949756860733032227e-01,5.024290643632411957e-03,9.027930758520597010e-08
3.947493373845922804e-11,9.956116251894427018e-18,5.052741336442068132e-09,3.459084581269866732e-12,9.839753446404142403e-17,3.704743556745028477e-14,3.880743548734244541e-08,9.941856265068054199e-01,5.814339034259319305e-03,7.649545352705899859e-08
4.562879588054791213e-11,1.328715851657505606e-17,4.955553301044801628e-09,3.904935402809783795e-12,1.441862496208122795e-16,7.057605232651739668e-14,4.996004321355940192e-08,9.954935312271118164e-01,4.506368655711412430e-03,1.155022104626368673e-07
4.941405271075005601e-11,1.750047162260474443e-17,6.608983582623295661e-09,4.006473538348265251e-12,1.401928995560920797e-16,7.206976443581425418e-14,5.545055259403852688e-08,9.953199028968811035e-01,4.679897800087928772e-03,9.825954805364744971e-08
5.262578220421865183e-11,1.267331936452802997e-17,4.811464560106060162e-09,3.995843586568348371e-12,1.241062483451854204e-16,4.732468282813047378e-14,3.291508932079523220e-08,9.900130033493041992e-01,9.986829943954944611e-03,1.468304162699496374e-07
6.926693940645378689e-11,1.646817503355694248e-17,4.589714830416369296e-09,4.551602150737465990e-12,1.707768902361705130e-16,7.825819392471775049e-14,3.373752832658283296e-08,9.855237603187561035e-01,1.447590254247188568e-02,2.499195375094132032e-07
7.029182791384869233e-11,1.909797576112635487e-17,4.239424811203207355e-09,5.185088036013807411e-12,2.227429571202628770e-16,9.085776835754399983e-14,3.237055778981812182e-08,9.869922399520874023e-01,1.300740335136651993e-02,2.915248273893666919e-07
6.945909125644078586e-11,1.952552060433663828e-17,4.152099553067500892e-09,5.109685244364392531e-12,2.230132400397758039e-16,9.579078659839937449e-14,3.936120052117075829e-08,9.877111315727233887e-01,1.228862907737493515e-02,2.867314492505101953e-07
6.014897607764524423e-11,2.008022626875347353e-17,6.150290055018103885e-09,4.902281705576605475e-12,2.045973143983688229e-16,9.495492093352167484e-14,6.642282102120589116e-08,9.946398138999938965e-01,5.359915085136890411e-03,1.380918348559134756e-07
5.808572026144709355e-11,1.724567517852003531e-17,5.585224283066736461e-09,4.448651950289539414e-12,1.613747451123089742e-16,7.432638895630769293e-14,5.207175846067002567e-08,9.943228960037231445e-01,5.677011795341968536e-03,1.336763375547889154e-07
4.413179197082506278e-11,1.628096255424026594e-17,5.471603614637388091e-09,4.911325252737741565e-12,1.723086831468309110e-16,8.229541722561128925e-14,5.002416614274807216e-08,9.953387975692749023e-01,4.661069717258214951e-03,1.287282174189385842e-07
5.021498841739635566e-11,1.157103088794905358e-17,4.295169109269636465e-09,3.887786360207146075e-12,1.055336811655404976e-16,4.120313167261038800e-14,3.246299229431315325e-08,9.909137487411499023e-01,9.086165577173233032e-03,1.240582463424289017e-07
8.120457778426626305e-11,2.996436622682721140e-17,6.455826540019415916e-09,6.204106239166007342e-12,2.786144944007978071e-16,1.693992981912501028e-13,7.955663505754273501e-08,9.942196607589721680e-01,5.780044477432966232e-03,1.998465251062953030e-07
5.977261047229731616e-11,1.961275176301403037e-17,6.041419364777311785e-09,5.001393396653064372e-12,1.870884551643527908e-16,9.048676792664661628e-14,5.526848667614103761e-08,9.937562942504882812e-01,6.243452429771423340e-03,1.602072359219164355e-07
5.241877071293643553e-11,1.392113538063468562e-17,5.479067421987338093e-09,4.053999323738732841e-12,1.398891058956034045e-16,5.111425063590580020e-14,3.450284680184267927e-08,9.908887147903442383e-01,9.111204184591770172e-03,1.442563046794020920e-07
9.566789027637412346e-11,2.200218373074288355e-17,4.364355543629017120e-09,6.149379182945891031e-12,2.862062124790216858e-16,1.169744775217709809e-13,4.018579957687506976e-08,9.794530868530273438e-01,2.054652385413646698e-02,4.464113771973643452e-07
4.610860651621528916e-11,1.380511420073738540e-17,4.677807030617486816e-09,3.438033928729322675e-12,1.164114172405231315e-16,5.344094849805969272e-14,4.028948552559086238e-08,9.952796697616577148e-01,4.720290657132863998e-03,1.088384848912937741e-07
6.168644067772177664e-11,1.436585745644524520e-17,4.654983509766452698e-09,4.207040965598096705e-12,1.554464276889251304e-16,5.714332951050823950e-14,3.396908709873969201e-08,9.891341328620910645e-01,1.086573954671621323e-02,1.863482879116418189e-07
6.659620771509722204e-11,1.982334202080268058e-17,5.090603050206254920e-09,5.624316984365052008e-12,1.996930333384358265e-16,9.104899451571613067e-14,4.592430968841654249e-08,9.910939335823059082e-01,8.905815891921520233e-03,2.362710773695653188e-07
8.420174280043823956e-11,1.197755459025252691e-17,3.632523615237914782e-09,4.274709926310737984e-12,1.622014095641597688e-16,5.422267520508068650e-14,3.133482096018269658e-08,9.765257239341735840e-01,2.347393892705440521e-02,3.062370979023398831e-07
9.725382305036944786e-11,2.355156415558738394e-17,4.540376963291237189e-09,5.731973055922434668e-12,2.747781763035646741e-16,1.160121938835814714e-13,3.871204512506665196e-08,9.821096658706665039e-01,1.788990385830402374e-02,4.346035495927935699e-07
6.354407278141849247e-11,1.430677690837425776e-17,4.079192095218786562e-09,3.752356932118505739e-12,1.626529310646055142e-16,6.428601954152485254e-14,3.315134833314914431e-08,9.861716628074645996e-01,1.382809504866600037e-02,2.228599811360254535e-07
7.962942111250370658e-11,1.646374961727978378e-17,4.540874787295479109e-09,5.020007413231164506e-12,1.660079756291205945e-16,7.307069310518929384e-14,3.033577655742192292e-08,9.837566614151000977e-01,1.624304056167602539e-02,3.010953548709949246e-07
6.345245162631130142e-11,1.994813379673488054e-17,5.566472616180817568e-09,4.550066486780357522e-12,1.783541690496216661e-16,8.505240782497036633e-14,4.669185571515299671e-08,9.930318593978881836e-01,6.967966910451650620e-03,1.629850459039516863e-07
7.215546909966619182e-11,2.030338967185292976e-17,5.183842688438744517e-09,5.492059931833104258e-12,2.130645204369188261e-16,1.002618940561944560e-13,4.960272192988668394e-08,9.907896518707275391e-01,9.210072457790374756e-03,2.243674117607952212e-07
5.786804022078761989e-11,1.331886600381543872e-17,5.458304475070008266e-09,4.021280704258334282e-12,1.258252223022992178e-16,5.179568525384009581e-14,4.436328282508839038e-08,9.920847415924072266e-01,7.915157824754714966e-03,1.288174189539859071e-07
5.225020069388186528e-11,1.150685490730473949e-17,5.399539926287388880e-09,3.876325042201367310e-12,1.064762898694916250e-16,4.263774121097962944e-14,4.011114995705611364e-08,9.926807284355163574e-01,7.319184485822916031e-03,1.099428672546309826e-07
6.448847011952807406e-11,2.004937574062769581e-17,6.496024607116623883e-09,4.582886587584100724e-12,1.858783494851918151e-16,9.953864311572011014e-14,6.058614587800548179e-08,9.933201074600219727e-01,6.679655984044075012e-03,1.381508241138362791e-07
5.505388506188424458e-11,1.856792007896359984e-17,7.269255419828368758e-09,4.730341118808212286e-12,1.440533051527627569e-16,8.376963402459414176e-14,5.943405767538934015e-08,9.960905909538269043e-01,3.909222781658172607e-03,1.008128478474645817e-07
7.339562985153591512e-11,1.756390148633653570e-17,5.346422859986432741e-09,4.922164672377382644e-12,1.862890942901611465e-16,8.014713160720346452e-14,4.855327517816476757e-08,9.892234802246093750e-01,1.077627576887607574e-02,2.137762749043758959e-07
5.464752955708362947e-11,1.492093369777650421e-17,4.992698698913500266e-09,3.783005159130325978e-12,1.339996725784544534e-16,6.435248791096179199e-14,3.943461734934317064e-08,9.928392171859741211e-01,7.160665467381477356e-03,1.303418599718497717e-07
7.812797631068235660e-11,2.260717039587436714e-17,4.594646441091754241e-09,5.171668648884519826e-12,2.830993220982725139e-16,1.157861377306182438e-13,4.699661459994786128e-08,9.895169138908386230e-01,1.048280484974384308e-02,3.200268565706210211e-07
6.794461521186789810e-11,1.680395245961059300e-17,3.930851644184940596e-09,4.207074792705878252e-12,2.034218047211472651e-16,7.917107182515981112e-14,3.627459221888784668e-08,9.883670210838317871e-01,1.163277775049209595e-02,2.245851078441774007e-07
5.574358336035700745e-11,1.526616579823163584e-17,5.385974777283308867e-09,3.724507247754305084e-12,1.368477017495888307e-16,6.012359799476355016e-14,4.108203555119871453e-08,9.929385781288146973e-01,7.061343640089035034e-03,1.322539731063443469e-07
6.365225707627431007e-11,1.736099408207727801e-17,4.908988771035183163e-09,4.320294989812456521e-12,1.826113434076319787e-16,7.563294744184281826e-14,4.349456972363441309e-08,9.917207956314086914e-01,8.279067464172840118e-03,1.796429245359831839e-07
7.315546085573387813e-11,2.324654626779213031e-17,6.107956362910726966e-09,5.635508119189447385e-12,2.022641092055976492e-16,1.028484751790931240e-13,5.381728840347932419e-08,9.918185472488403320e-01,8.181149140000343323e-03,2.028933039355251822e-07
7.090029258138841328e-11,1.781536273819143100e-17,3.900485268104603165e-09,4.319685234510650673e-12,2.247165174175857951e-16,9.553663605664161618e-14,3.008784332791947236e-08,9.830183982849121094e-01,1.698132418096065521e-02,3.284090155375452014e-07
5.074527950621465777e-11,1.057122512618172201e-17,4.739630465877553434e-09,3.453549512338893734e-12,1.041091239494914742e-16,3.618925905474190685e-14,2.737245630157758569e-08,9.888721108436584473e-01,1.112780813127756119e-02,1.136190732609065890e-07
5.641427949787392038e-11,1.096829249972248912e-17,4.255057195479139409e-09,3.412155974436004158e-12,1.103111322765119634e-16,3.597879847240352535e-14,2.867646031745607615e-08,9.875188469886779785e-01,1.248096674680709839e-02,1.548580002008748124e-07
4.861679114842587524e-11,1.624662297829073955e-17,5.423383075964238742e-09,4.025577180627459839e-12,1.462166934744992442e-16,6.960092089258393400e-14,5.086808130272402195e-08,9.961004257202148438e-01,3.899527946487069130e-03,9.652016075278879725e-08
6.513703465493847489e-11,2.467124410454528773e-17,5.503904887405042246e-09,4.648388444994377977e-12,2.278891057913063787e-16,1.195267029883290144e-13,5.409676262502216559e-08,9.942383766174316406e-01,5.761298816651105881e-03,1.665852806809198228e-07
5.570309144498075682e-11,1.124113802477310530e-17,3.977046247882753960e-09,3.646468543783143446e-12,1.245330603063729818e-16,5.089657333285681207e-14,3.369616763393423753e-08,9.916685819625854492e-01,8.331260643899440765e-03,1.324896743426506873e-07
6.019197640316775733e-11,2.055114846328603772e-17,6.027947474507300285e-09,4.817244259741615409e-12,2.083453690155200977e-16,1.150436218727915461e-13,5.706615624490041228e-08,9.941157102584838867e-01,5.884000565856695175e-03,1.393869411003834102e-07
8.524943945209528806e-11,2.197877451940763286e-17,4.731376179734070320e-09,5.377391240624085356e-12,2.176893203289273059e-16,9.358680009338010697e-14,4.413116627688395965e-08,9.890572428703308105e-01,1.094245817512273788e-02,2.749932548340439098e-07
6.304400057555170633e-11,1.762799640328081960e-17,5.827632154620232541e-09,4.996729158907031731e-12,1.714833157141805995e-16,7.280097748599279051e-14,5.669449976153373427e-08,9.935001730918884277e-01,6.499477662146091461e-03,1.478324946901921066e-07
8.258264211358223861e-11,2.160091841559340982e-17,5.615295339822523601e-09,5.596244388034188333e-12,2.017964543744846695e-16,9.361073385633772448e-14,3.918435353966742696e-08,9.868075251579284668e-01,1.319214235991239548e-02,2.854072818081476726e-07
7.654604727846958667e-11,1.895122399429209712e-17,4.794183272593954825e-09,4.565621318508572557e-12,2.337015782242633961e-16,9.223537596669481586e-14,4.973302480948404991e-08,9.912781119346618652e-01,8.721633814275264740e-03,2.303215751453535631e-07
7.099935916965449678e-11,2.279932610653166058e-17,4.807636955206362472e-09,5.512815464542297761e-12,2.398417994682486244e-16,1.177871954702661150e-13,4.969862033021854586e-08,9.912085533142089844e-01,8.791189640760421753e-03,2.446284668167209020e-07
5.608874475981906471e-11,1.384444663886428187e-17,4.838367484438776955e-09,4.135738192884153008e-12,1.508873125549982613e-16,5.943542099456911032e-14,4.210067672261175176e-08,9.916900396347045898e-01,8.309826254844665527e-03,1.597560128629993415e-07
5.494741467382269207e-11,1.047958757638125995e-17,4.629097993813502399e-09,3.694929345127162534e-12,1.114725798833201198e-16,3.420540624831866494e-14,2.888750039176102291e-08,9.884371161460876465e-01,1.156274694949388504e-02,1.456388076803705189e-07
6.626356408023781341e-11,1.866464892543432579e-17,5.802115676800667643e-09,4.777647027998099816e-12,1.772440661977959012e-16,8.756308124326789288e-14,5.226452870488174085e-08,9.933018684387207031e-01,6.697994191199541092e-03,1.627005588034080574e-07
1.059696080885075276e-10,2.734524440096585860e-17,5.033429228973318459e-09,5.721232081840055272e-12,3.101994265616246074e-16,1.927482560495560882e-13,5.366487698665878270e-08,9.847856760025024414e-01,1.521382573992013931e-02,4.474464390114007983e-07
5.373222006221922697e-11,1.913881366796809784e-17,5.464864560877913391e-09,4.818553542285108904e-12,1.722130213633503784e-16,7.412765469809109997e-14,4.785361795711651212e-08,9.932391643524169922e-01,6.760685704648494720e-03,1.301435474942991277e-07
4.905052405912435631e-11,1.421014566921581306e-17,5.601056507487101044e-09,3.893305382945966286e-12,1.299145914925245730e-16,5.213710051795578115e-14,3.595181752302778477e-08,9.912800192832946777e-01,8.719895035028457642e-03,1.320054963116490399e-07
7.667640133934838786e-11,2.124518608444253006e-17,5.383988366247649537e-09,4.951779004197520706e-12,1.864127611004602744e-16,8.355467739137173444e-14,4.558705057888801093e-08,9.898499250411987305e-01,1.014985051006078720e-02,2.182603111577918753e-07
5.899781357898703504e-11,1.871809968225627733e-17,5.241548084455871503e-09,4.898398527075631392e-12,2.020677696154020626e-16,9.717067103211241008e-14,5.916355760859914881e-08,9.953601956367492676e-01,4.639598540961742401e-03,1.473590174327910063e-07
8.478112656362668531e-11,2.966691538727559286e-17,6.492149040582262387e-09,5.555839208831736542e-12,2.848299692281906596e-16,1.132026669127018936e-13,5.613904718870799115e-08,9.908981919288635254e-01,9.101425297558307648e-03,2.436342469991359394e-07
4.845965642652494410e-11,8.756354466293426959e-18,3.774982104687296669e-09,3.285754264156781623e-12,9.974473374920448830e-17,3.493296689242864073e-14,2.344888727634497627e-08,9.867979884147644043e-01,1.320183090865612030e-02,1.601809600515480270e-07
6.062999408085190112e-11,1.286399855779191625e-17,4.170497724942379136e-09,3.959930040126069528e-12,1.444095089768627918e-16,5.478176099598178195e-14,2.729446890725739649e-08,9.836390018463134766e-01,1.636083051562309265e-02,2.189996308743502595e-07
6.926964557507631071e-11,1.915648720893590583e-17,5.464290353529577260e-09,5.011716736058602351e-12,1.879113741423899453e-16,8.726777845280073165e-14,5.077906806150167540e-08,9.916792511940002441e-01,8.320536464452743530e-03,1.926061656831734581e-07
8.030582449025658320e-11,1.821945866539706119e-17,3.940650916689492078e-09,4.790176501984211299e-12,2.376202967453966116e-16,9.531699702528678708e-14,3.327063780034222873e-08,9.793378114700317383e-01,2.066187746822834015e-02,3.702612048073206097e-07
7.006072805237906209e-11,1.575999758700946868e-17,4.976476120077677479e-09,4.335736630833864069e-12,1.756861873193380310e-16,6.930780005898889984e-14,4.830060973404215474e-08,9.905838966369628906e-01,9.415967389941215515e-03,1.930558255480718799e-07
5.606898625942768888e-11,1.438157388808375273e-17,5.712018857906286939e-09,4.232419970051637392e-12,1.401235884382050364e-16,6.335492704458503543e-14,4.124074948208544811e-08,9.913274645805358887e-01,8.672425523400306702e-03,1.507331717220949940e-07
5.441947240059086255e-11,1.623488693975983719e-17,5.290278881631138574e-09,4.496170363105234102e-12,1.381036927916893479e-16,7.768618918730513245e-14,4.879970205706740671e-08,9.945723414421081543e-01,5.427586380392313004e-03,1.175490353944041999e-07
7.651131117558662709e-11,1.724900044458249848e-17,4.075411119686123129e-09,4.916871163690439417e-12,2.003975662272043917e-16,8.139572593409208356e-14,3.325500586015550653e-08,9.847484230995178223e-01,1.525123789906501770e-02,3.142852449400379555e-07
7.873553892201456961e-11,1.252386850735501169e-17,3.648113366949701231e-09,4.106538026293904409e-12,1.595796043643912939e-16,6.395957304365304519e-14,2.699341195011584205e-08,9.769136309623718262e-01,2.308600768446922302e-02,3.214123012185154948e-07
7.083459513390621964e-11,2.163835661011755986e-17,5.694168248027153822e-09,5.129929467329041870e-12,2.287211303735265169e-16,9.955007467237625418e-14,4.831980859876239265e-08,9.908321499824523926e-01,9.167641401290893555e-03,1.997606204895419069e-07
4.724096461239390976e-11,1.249085903783047057e-17,5.094136223959822019e-09,3.756518533737374099e-12,1.115938644134550949e-16,4.446326661890209753e-14,3.696156980481646315e-08,9.940828680992126465e-01,5.917062051594257355e-03,9.985945581547639449e-08
6.839954297399586380e-11,1.903940144759024987e-17,5.887682785754577708e-09,4.734923390870005022e-12,1.805236983602257470e-16,8.044878375664324399e-14,5.566284855262892961e-08,9.930527806282043457e-01,6.946940440684556961e-03,1.785994356851006160e-07
4.488441562866540835e-11,1.268303129210001507e-17,4.954214372077103690e-09,3.581384104209273112e-12,1.067688934306536828e-16,5.359599957312048690e-14,3.303292928080736601e-08,9.946191310882568359e-01,5.380694288760423660e-03,1.054202627415179450e-07
7.467416268669424539e-11,1.834254644926740192e-17,5.574119832374435646e-09,4.162928682327482477e-12,2.223864885983668251e-16,7.776729428607062622e-14,4.614240012301706884e-08,9.867291450500488281e-01,1.327057369053363800e-02,2.607402791454660473e-07
5.225205337855420851e-11,1.374234442713441145e-17,4.834493694261254859e-09,4.066280298586910646e-12,1.323470848285817117e-16,5.608277988604186415e-14,3.467417286628915463e-08,9.911133646965026855e-01,8.886528201401233673e-03,1.457115104130934924e-07
5.156163343511543928e-11,1.186254339788315394e-17,5.412808867788498901e-09,3.803909010696715498e-12,1.148631071873912747e-16,4.997164723577300627e-14,3.152764094238591497e-08,9.900728464126586914e-01,9.926992468535900116e-03,1.467086860884592170e-07
7.048677613807896591e-11,1.871123573753331231e-17,4.184172119892082264e-09,4.611079747196544787e-12,2.115987563914748610e-16,8.976876181418166900e-14,3.200698373007071496e-08,9.865217804908752441e-01,1.347787957638502121e-02,2.673412780040962389e-07
5.400052280335465582e-11,1.946032884590010906e-17,5.925929524863704501e-09,4.918818390792223383e-12,1.727362230269575191e-16,8.493371479213751574e-14,4.829894351132679731e-08,9.938046932220458984e-01,6.195137742906808853e-03,1.362354424827572075e-07
5.391377969066191156e-11,1.360334168827855047e-17,4.990124757853209303e-09,4.061062684052041405e-12,1.353254379595850436e-16,6.193591646497242920e-14,4.079330651052259782e-08,9.929636120796203613e-01,7.036305963993072510e-03,1.283021759945768281e-07
5.173455414064775937e-11,1.185879709688890128e-17,4.723580637744362321e-09,3.499892649999614136e-12,1.171197353077747393e-16,4.958563399291848750e-14,3.214507771076569043e-08,9.918313622474670410e-01,8.168469183146953583e-03,1.306174937099058297e-07
5.702562380638376283e-11,1.807776097210550244e-17,6.686130316069238688e-09,4.756821672668998247e-12,1.699221281132725172e-16,7.386651782858438819e-14,6.516392403455029125e-08,9.946473240852355957e-01,5.352390464395284653e-03,1.205582265129123698e-07
7.461412737663764005e-11,1.643783404868849742e-17,3.913546375855503356e-09,4.656254548596194809e-12,1.931553551188413187e-16,6.803148403780254205e-14,3.126765335537129431e-08,9.855447411537170410e-01,1.445495244115591049e-02,2.878395832794922171e-07
6.498460103365744089e-11,1.988174758949382475e-17,5.910289591071204995e-09,5.014096342986773536e-12,1.830650354300050633e-16,8.012769050699808382e-14,5.806079172998579452e-08,9.927369952201843262e-01,7.262672297656536102e-03,1.637780826513335342e-07
7.176391425556261083e-11,1.720982020768831177e-17,5.192474006321390334e-09,4.860874289885908084e-12,1.859400108367739680e-16,7.107980653717205222e-14,3.915975099744173349e-08,9.863458275794982910e-01,1.365386415272951126e-02,2.403916425919305766e-07
7.577501126565522327e-11,2.062979183284390427e-17,5.495574217917464921e-09,5.277589563285056684e-12,1.986970681762525786e-16,1.028809199291047527e-13,4.450767931984955794e-08,9.891913533210754395e-01,1.080830488353967667e-02,2.632330904361879220e-07
7.666951101770180799e-11,2.313729556120857662e-17,5.326999286126010702e-09,5.631824867569079629e-12,2.712434019355540720e-16,1.270266444114431792e-13,4.801341546567527985e-08,9.872326850891113281e-01,1.276698242872953415e-02,2.888287440327985678e-07
7.046310063207883445e-11,1.712656447903484954e-17,4.829888933244319560e-09,5.201520204139997716e-12,1.702229306886662006e-16,7.749835793718559684e-14,3.662744063603895484e-08,9.876211285591125488e-01,1.237862743437290192e-02,2.351469845507381251e-07
8.846200855172625666e-11,2.225000207918009532e-17,4.621186100450813683e-09,5.620336661349423224e-12,2.635379167446021001e-16,8.852162438396232735e-14,3.559743433356743481e-08,9.787999391555786133e-01,2.119971998035907745e-02,4.050017139434203273e-07
8.616544977524398519e-11,1.778851741859163504e-17,4.186848645559848592e-09,5.106631263684935362e-12,2.245954446456876336e-16,1.287483845664044724e-13,4.533182007548930414e-08,9.867517948150634766e-01,1.324795372784137726e-02,2.998418722199858166e-07
1.878729949389423837e-10,3.355299005271501561e-17,4.553613486280028155e-09,8.260296092965635495e-12,5.071723591737410577e-16,2.172157175265795881e-13,4.462424030293732358e-08,9.467603564262390137e-01,5.323843657970428467e-02,1.273850898542150389e-06
6.759128673428094203e-11,1.492652874743981289e-17,3.752458788142121193e-09,4.407862529837158760e-12,1.712530948060948409e-16,6.721475454126921156e-14,3.191342301533950376e-08,9.877554774284362793e-01,1.224431768059730530e-02,2.189848231637370191e-07
6.288611298366220126e-11,1.803902410401964416e-17,5.692541549251473043e-09,5.040448527310337212e-12,1.933151134736273602e-16,8.867098678574936166e-14,4.676445186646560614e-08,9.917060136795043945e-01,8.293816819787025452e-03,1.846297266183682950e-07
6.481000458524732721e-11,1.871609625081267390e-17,4.979825440898366651e-09,4.598574125658227985e-12,2.078341052225133223e-16,9.236644245682115728e-14,3.909659085366001818e-08,9.897336363792419434e-01,1.026620157063007355e-02,2.171362609715288272e-07
6.140447178504260251e-11,1.876991262146537388e-17,5.166206573647968980e-09,4.854945005045019357e-12,1.802429731126599507e-16,8.961283998925109739e-14,5.250448609217528428e-08,9.938866496086120605e-01,6.113233044743537903e-03,1.492695531624121941e-07
8.131003509381784511e-11,2.229684035418529796e-17,5.509845468765206533e-09,5.743996858015298912e-12,2.285200394578924257e-16,1.038451212498868459e-13,5.492964660902543983e-08,9.900515675544738770e-01,9.948093444108963013e-03,2.489578889708354836e-07
7.116390116079784889e-11,1.836264859251366560e-17,5.033303995816140741e-09,4.520189778034477968e-12,1.794454254183710227e-16,8.619659348264863130e-14,5.193754049059862155e-08,9.923920035362243652e-01,7.607873529195785522e-03,1.837921246305995737e-07
7.076966096475345580e-11,1.878568530138553501e-17,5.562359906008396138e-09,5.347781679293506230e-12,1.911241304066561039e-16,1.027399465416273250e-13,3.829191896898009873e-08,9.851000905036926270e-01,1.489968225359916687e-02,2.676792405509331729e-07
4.311604892559550706e-11,1.187243565082867560e-17,5.377697842590123400e-09,3.544085381071426788e-12,9.674824220172909364e-17,3.749098267621410463e-14,3.819708638275187695e-08,9.948564767837524414e-01,5.143410526216030121e-03,8.190807676555778016e-08
5.717524717563371439e-11,1.265945912618409144e-17,4.020116239900062283e-09,3.840158659812464848e-12,1.547169999724411693e-16,6.325165678765579114e-14,3.495158296118461294e-08,9.900098443031311035e-01,9.989913552999496460e-03,1.776837308398171444e-07
6.123317131123684476e-11,1.833777692585542116e-17,4.906471673393753008e-09,4.611447508573451870e-12,1.677450284457023509e-16,8.105414126338694736e-14,3.494461253694680636e-08,9.888311028480529785e-01,1.116868294775485992e-02,2.122978344232251402e-07
5.745741729623610183e-11,1.308218398796502836e-17,4.290916510996112265e-09,4.079797697592590922e-12,1.515298796897192541e-16,5.353140484056287396e-14,3.504464274328711326e-08,9.904651641845703125e-01,9.534698911011219025e-03,1.723913527484910446e-07
4.332849010135753076e-11,1.368569496288371735e-17,5.931284796645286406e-09,3.747528329323124296e-12,1.275652529690861651e-16,5.165082906733245438e-14,4.811527887227384781e-08,9.957941770553588867e-01,4.205758683383464813e-03,9.769904352197045228e-08
5.878939696168927753e-11,1.643765868639863618e-17,5.168260042154315670e-09,4.384949868485588098e-12,1.464608639564350971e-16,6.985824950195979044e-14,3.945720195019930543e-08,9.916963577270507812e-01,8.303462527692317963e-03,1.561513869319242076e-07
5.553797352564338041e-11,1.037970220869303164e-17,3.885522570357125005e-09,3.533069453318105069e-12,1.167819015107182819e-16,4.279243653220257682e-14,2.367579199358260666e-08,9.853065013885498047e-01,1.469327881932258606e-02,2.020137657154918998e-07
5.446324988223061325e-11,1.553494986647461666e-17,5.957019766356097534e-09,4.301243389237541237e-12,1.445886564452070764e-16,6.218596059100189866e-14,4.668413211561528442e-08,9.934738278388977051e-01,6.526043638586997986e-03,1.204534356702424702e-07
4.521943236523995324e-11,1.895266494291916449e-17,5.766135124929405720e-09,3.910585830851909250e-12,1.676342656529590503e-16,7.330662227418571764e-14,6.020989218313843594e-08,9.971031546592712402e-01,2.896683989092707634e-03,8.417394781190523645e-08
5.525467930422856000e-11,1.442153498347618950e-17,5.009752168660952520e-09,3.383948937035752280e-12,1.441164355771128039e-16,5.331548597791238575e-14,4.460121516558501753e-08,9.940629601478576660e-01,5.936942063271999359e-03,1.111619596372293017e-07
6.130679991445120436e-11,1.448163461806184228e-17,4.810792209042347167e-09,4.054039222378680307e-12,1.504795985397933242e-16,7.123269259601966441e-14,3.945840632013641880e-08,9.896670579910278320e-01,1.033279206603765488e-02,1.744372184475651011e-07
7.249816719179236202e-11,1.660053716645522776e-17,4.981614232235642703e-09,4.560927590463448311e-12,1.735116155157198268e-16,7.366234223071463361e-14,4.682876308947925281e-08,9.887002110481262207e-01,1.129954028874635696e-02,2.139186534577675047e-07
6.886692605068134299e-11,2.296455874261157807e-17,5.753635790028965857e-09,4.992244465040762691e-12,2.192047152111244526e-16,1.230853662265510295e-13,5.422628746032387426e-08,9.930061101913452148e-01,6.993569899350404739e-03,1.948758097114478005e-07
7.303162241623084583e-11,1.614351822365845486e-17,4.842897638468457444e-09,5.038057210998703184e-12,1.758731830773342187e-16,7.320555430291933452e-14,2.643838570293155499e-08,9.785238504409790039e-01,2.147581987082958221e-02,3.156754360134073067e-07
6.211042791193222001e-11,1.457840647792442098e-17,4.404797859791642622e-09,4.275013936599902920e-12,1.566800252974826120e-16,6.201480572554790571e-14,3.045905927478997910e-08,9.864892959594726562e-01,1.351045630872249603e-02,2.250475859000289347e-07
6.110820183202747558e-11,1.433132597459360651e-17,5.107160472306304655e-09,4.111444691645704808e-12,1.367239290601712960e-16,6.176854953085855748e-14,4.694442168329260312e-08,9.933052659034729004e-01,6.694542709738016129e-03,1.319713902603325550e-07
8.444305671373442124e-11,1.612073932394996958e-17,3.958608107978989210e-09,4.806629920472982320e-12,1.959799453001383933e-16,6.841631482266269382e-14,2.719760949787541904e-08,9.772661328315734863e-01,2.273356169462203979e-02,3.801195305186411133e-07
7.016232039802616782e-11,1.093819718749597231e-17,2.980039104372167458e-09,3.699161203046807955e-12,1.330178555134683125e-16,5.190941806173382522e-14,1.770249014043656643e-08,9.743872284889221191e-01,2.561245486140251160e-02,3.332511653297842713e-07
5.557861115779161310e-11,1.483055263532651020e-17,5.160088356603864668e-09,3.803396833590433346e-12,1.346002454078373540e-16,6.039830772021706484e-14,4.512495621611378738e-08,9.934880733489990234e-01,6.511806976050138474e-03,1.277732906146411551e-07
5.719558854311301843e-11,1.461903593525180060e-17,4.857651170198096224e-09,4.009025750262296128e-12,1.466836997960119823e-16,6.286622291533719431e-14,3.922496460972979548e-08,9.926105141639709473e-01,7.389388512820005417e-03,1.402347038492735010e-07
7.291480613735856764e-11,2.158493894052011043e-17,5.929113644498329450e-09,5.055978639229019578e-12,2.178937464367912110e-16,1.075313883075468269e-13,5.341675901604503451e-08,9.905451536178588867e-01,9.454506449401378632e-03,2.330159531993558630e-07
5.400161567914452121e-11,1.541932325172950424e-17,5.395389468532130195e-09,3.994812293461880159e-12,1.211598310032715358e-16,5.379130843009838348e-14,4.326381741748264176e-08,9.945263266563415527e-01,5.473555065691471100e-03,1.062803391960187582e-07
6.427205989645301543e-11,1.581760409922888664e-17,4.756598226407504626e-09,4.204118390221944779e-12,1.546593884971380760e-16,6.101580151502902782e-14,3.687483385306222772e-08,9.899395108222961426e-01,1.006030384451150894e-02,1.749027234154709731e-07
7.108742761108288732e-11,1.633822495932486183e-17,4.983242263278953033e-09,4.378422537726356367e-12,1.634203561497077112e-16,7.449971900237023492e-14,4.412334320136324095e-08,9.903069734573364258e-01,9.692882187664508820e-03,1.967542431202673470e-07
7.919381816989812251e-11,2.039281782223726269e-17,4.276682563641998058e-09,5.342904070559928442e-12,2.380954822288062741e-16,1.059195252665033615e-13,3.655914682099137281e-08,9.848137497901916504e-01,1.518597826361656189e-02,3.314801801934663672e-07
5.851821804903067914e-11,1.773863511893223726e-17,4.181977875106213105e-09,4.270549625734476606e-12,1.707028410277347660e-16,8.987823235228481478e-14,3.589639874235217576e-08,9.917816519737243652e-01,8.218246512115001678e-03,1.703218117654614616e-07
7.046454392201084715e-11,1.770580432042000759e-17,4.848817791724968629e-09,4.390865275538669010e-12,1.965890016938836378e-16,6.950867561649615167e-14,3.462976394530414836e-08,9.861618280410766602e-01,1.383794471621513367e-02,2.567500132499844767e-07
6.897098170366433578e-11,1.686970835522488339e-17,4.726393942888762467e-09,4.728172280782372283e-12,1.819034356219641972e-16,6.958650100368987679e-14,3.894648159530333942e-08,9.876464605331420898e-01,1.235334109514951706e-02,2.128998062289610971e-07
6.160304905078461957e-11,1.745893888404845691e-17,4.885660320752549524e-09,4.820139079542151705e-12,1.774525421819388659e-16,9.362670550959115157e-14,5.193217234022995399e-08,9.938027858734130859e-01,6.196981295943260193e-03,1.607516253443463938e-07
6.449221712223618397e-11,1.440695013491565451e-17,5.492097443493548781e-09,4.543498390019440336e-12,1.466076653541061080e-16,6.129807355063562890e-14,3.645126511742091679e-08,9.896843433380126953e-01,1.031551603227853775e-02,1.678671850413593347e-07
6.595538004638967777e-11,1.517615696705729069e-17,4.713704093717296928e-09,4.204011271047303211e-12,1.583106034256165427e-16,6.039134849752242351e-14,3.475715715239857673e-08,9.879431128501892090e-01,1.205665059387683868e-02,2.054778320825789706e-07
5.895654103804659485e-11,1.548896193313911853e-17,5.201503228136061807e-09,4.463455646752656492e-12,1.340381861077749224e-16,6.198034842525360077e-14,4.290646771210049337e-08,9.935376048088073730e-01,6.462255027145147324e-03,1.342152131655893754e-07
6.121256973523614420e-11,1.569170224691464051e-17,4.784059814966212798e-09,4.340651969803044352e-12,1.516842646792461512e-16,6.413276078818044845e-14,3.675154758298049273e-08,9.917655587196350098e-01,8.234250359237194061e-03,1.642791858103009872e-07
7.493414222459193752e-11,1.490314766024538901e-17,3.531798409284192530e-09,4.475586568020162304e-12,1.884869727347186449e-16,6.877683237380485815e-14,2.993223802150168922e-08,9.822471737861633301e-01,1.775250770151615143e-02,3.159555888032627990e-07
6.544662034535519979e-11,1.869311386467350058e-17,5.209362718971988215e-09,4.470489950447742444e-12,1.626312390802219236e-16,7.349162782239321290e-14,4.139791442980822467e-08,9.904810786247253418e-01,9.518742561340332031e-03,1.677530434562868322e-07
5.698144039945063355e-11,1.417523864736607530e-17,5.595339302999491338e-09,3.839586201065392501e-12,1.279982059191413202e-16,5.680024389742056867e-14,4.652772744861977117e-08,9.931811690330505371e-01,6.818727590143680573e-03,1.233100306308188010e-07
7.492029913125364260e-11,1.965622010420369197e-17,5.306684869310629438e-09,5.206389139256195620e-12,2.027453827383157020e-16,8.768350222331314225e-14,4.733849223725883348e-08,9.895133376121520996e-01,1.048647612333297729e-02,2.360275175306014717e-07
8.848245053316716735e-11,1.805751655379387964e-17,3.952055127598441686e-09,4.898771492622966406e-12,2.313198803952619138e-16,8.062631508612416731e-14,2.622998884760363580e-08,9.703220725059509277e-01,2.967744320631027222e-02,4.511266809004155220e-07
6.172506256119092427e-11,1.495931653256018980e-17,4.138089870764360967e-09,4.449526684602300719e-12,1.584830672746113988e-16,6.493803839926690080e-14,3.300660011973377550e-08,9.885818362236022949e-01,1.141794305294752121e-02,2.226657187520686421e-07
4.470099290720952467e-11,1.157383337586438324e-17,4.774765915982470688e-09,3.331462493025294513e-12,1.069601045010514406e-16,4.059320018795151142e-14,3.690027838842979691e-08,9.945169091224670410e-01,5.482964683324098587e-03,9.097006881120250910e-08
5.579353298812428363e-11,1.460640488729811586e-17,5.280023085418861228e-09,4.246723632472804155e-12,1.509567295520037114e-16,5.886749556783046899e-14,3.994994912659421971e-08,9.914956092834472656e-01,8.504254743456840515e-03,1.443472541495793848e-07
4.956746124662458897e-11,8.624357120045277568e-18,4.165048306248309018e-09,2.957927522709291601e-12,8.555940018964281585e-17,3.207252646515550143e-14,2.993012060414912412e-08,9.923933744430541992e-01,7.606564089655876160e-03,9.567011716171691660e-08
6.491625292870395469e-11,2.003899131521770510e-17,5.146688408785848878e-09,5.046383883683391858e-12,2.195822139729140528e-16,1.240252204322972451e-13,5.098852540186271654e-08,9.928434491157531738e-01,7.156265433877706528e-03,2.083622661075423821e-07
4.624324881352670502e-11,1.185805925178250398e-17,4.959441302077038927e-09,3.493792494896341694e-12,1.098944780932465531e-16,3.899075276514972488e-14,3.429734718451982189e-08,9.932235479354858398e-01,6.776342168450355530e-03,1.085722090010676766e-07
7.351994707471831703e-11,1.791442754271200670e-17,4.496949923549209416e-09,4.896594848341484507e-12,2.097199976097954203e-16,7.616689668300119509e-14,3.846967899789888179e-08,9.862737059593200684e-01,1.372601464390754700e-02,2.926726381247135578e-07
9.971306419442882429e-11,1.804045843520181111e-17,4.216688775926513699e-09,5.166367333941934703e-12,2.053451915512351667e-16,8.451991548048126690e-14,3.341070708984261728e-08,9.761145114898681641e-01,2.388505078852176666e-02,4.218889273488457548e-07
6.140710856472608725e-11,1.750097123969472646e-17,5.489395160651611150e-09,4.008514006836882970e-12,1.582228164015675150e-16,6.333381220727588024e-14,4.665745478860117146e-08,9.935539960861206055e-01,6.445914972573518753e-03,1.355588636897664401e-07
6.546567454801532904e-11,1.977271525859198507e-17,5.921052093071921263e-09,5.263623738260836404e-12,1.743739082909145054e-16,1.016789801769509005e-13,4.465433534051044262e-08,9.899817109107971191e-01,1.001809816807508469e-02,2.095931677104090340e-07
7.249441325019034821e-11,1.904495348386170579e-17,5.084218823725450420e-09,4.893627170154957184e-12,2.004096496815925663e-16,8.761409973174691390e-14,3.537767057082419342e-08,9.856572151184082031e-01,1.434253994375467300e-02,2.685416404801799217e-07
7.606418273020665310e-11,2.147865119489072170e-17,5.516998857757471342e-09,5.203960526389828090e-12,2.190538242325049795e-16,9.993018917778609400e-14,5.595380159206797543e-08,9.915544390678405762e-01,8.445193059742450714e-03,2.056005286021900247e-07
6.630508642135879427e-11,1.458011874179240575e-17,4.746657289445010974e-09,4.026355637787304431e-12,1.587943254129477524e-16,6.620072057813425337e-14,3.615713595195302332e-08,9.890206456184387207e-01,1.097917184233665466e-02,1.828455680197293987e-07
6.435166288731863915e-11,1.910333920021814870e-17,5.508737910275840477e-09,5.170641258905872562e-12,1.865370234808004404e-16,8.761557695720692540e-14,5.267969171995900979e-08,9.923895001411437988e-01,7.610292639583349228e-03,1.637160664813563926e-07
6.035734412268567439e-11,1.677640899957380229e-17,5.102778644072714087e-09,4.605899429216409047e-12,1.714970932344632827e-16,7.250112782266476819e-14,4.032622769045701716e-08,9.901897311210632324e-01,9.810158982872962952e-03,1.809077474490550230e-07
6.288800730169796793e-11,1.373037595085138169e-17,4.694385768999609354e-09,4.095939299536555112e-12,1.606481628971321955e-16,5.693859825902508609e-14,3.776308687974960776e-08,9.887290000915527344e-01,1.127082109451293945e-02,1.843078791807784000e-07
9.118080596115518688e-11,2.317926670548951725e-17,4.961070665387978806e-09,5.246927458485428630e-12,2.791990000739624778e-16,1.213519844507626733e-13,4.570328471231732692e-08,9.841685891151428223e-01,1.583099365234375000e-02,4.126111718960601138e-07
7.773829496793283056e-11,2.084690854566559787e-17,5.024990645807747569e-09,5.652499735636640210e-12,1.969406924205615835e-16,1.017445947371770076e-13,4.087208083092264133e-08,9.886160492897033691e-01,1.138363312929868698e-02,2.598665105324471369e-07
6.408615998987343687e-11,1.972954139370039234e-17,5.579399608990343040e-09,5.011771379848095620e-12,1.915619537961579712e-16,9.612239660911764405e-14,4.319782931361260125e-08,9.906314611434936523e-01,9.368319995701313019e-03,1.977100652084118337e-07
6.600676255574811080e-11,1.677651818741465929e-17,4.652396690119076084e-09,4.731308660826938350e-12,1.830581929919780247e-16,8.910197070183950574e-14,4.832887512407069153e-08,9.918406009674072266e-01,8.159233257174491882e-03,1.786161760719551239e-07
1.033689800422621374e-10,2.270353031979189444e-17,4.271536901967465383e-09,5.704633813941040188e-12,2.602050538553932419e-16,1.144345577498706579e-13,3.722541563888626115e-08,9.755926728248596191e-01,2.440693043172359467e-02,4.693733330896066036e-07
7.643725236095022524e-11,2.006259077809384298e-17,4.825975619127120808e-09,4.903705479869513439e-12,1.948075325871302340e-16,8.757311011336338380e-14,3.771926415652160358e-08,9.866798520088195801e-01,1.331985369324684143e-02,2.956560365419136360e-07
6.929792156773473266e-11,1.423572871120085310e-17,3.990127339648097404e-09,4.058765910169848112e-12,1.564056395621314221e-16,5.805929061087830578e-14,3.122071490224698209e-08,9.865890741348266602e-01,1.341065019369125366e-02,2.192633843378644087e-07
5.673323963395482394e-11,1.357814907554263546e-17,4.985360568809937831e-09,3.752762423731015318e-12,1.329710569431325124e-16,5.546852853335199063e-14,3.652702318390765868e-08,9.915255904197692871e-01,8.474312722682952881e-03,1.382532275329140248e-07
6.031988797339238317e-11,1.448374392862385250e-17,4.033324785268632695e-09,4.609639493030615043e-12,1.724527846269825488e-16,6.360865745800095561e-14,3.189851582874325686e-08,9.874165058135986328e-01,1.258321572095155716e-02,2.460784287450223928e-07
6.715274863955400519e-11,2.678510581428577506e-17,5.380249135100712010e-09,5.270364440007613283e-12,2.393878162782999211e-16,1.296357904920567017e-13,6.538640207054413622e-08,9.949601888656616211e-01,5.039520096033811569e-03,1.977675481157348258e-07
8.815042445986520647e-11,2.386758354552959285e-17,6.749961034557827588e-09,5.333828431014486782e-12,2.255767852546409439e-16,1.007772289013039724e-13,5.551649095991706417e-08,9.887636899948120117e-01,1.123591791838407516e-02,2.268930643367639277e-07
6.037213090559490070e-11,1.587778314315334451e-17,4.896957062072715416e-09,4.519212695036634031e-12,1.539638818032136895e-16,6.544641402168177580e-14,4.290792432470880158e-08,9.916042685508728027e-01,8.395611308515071869e-03,1.645120732973737177e-07
8.044055699318874986e-11,1.497462764569854635e-17,3.963542827278843106e-09,4.188788638864737734e-12,2.069297916722009499e-16,7.767327362892539888e-14,3.220317523755511502e-08,9.794384241104125977e-01,2.056128904223442078e-02,3.275024198501341743e-07
4.741749354275626160e-11,1.038787723468689321e-17,3.963388284233815284e-09,3.267796623573904213e-12,1.043522488751330601e-16,3.922646170557986256e-14,2.647908026176537533e-08,9.915519952774047852e-01,8.447893895208835602e-03,1.370208053685928462e-07
6.038154004572859890e-11,1.954356141349641981e-17,5.290297089288742427e-09,5.049040179005981344e-12,2.038965402183036987e-16,1.087271548835810897e-13,5.167878214251686586e-08,9.924135804176330566e-01,7.586202118545770645e-03,1.853873357049451442e-07
5.817096804250354580e-11,1.973341425332836562e-17,5.832823557483379773e-09,4.761304198130922316e-12,1.635933361594048003e-16,7.656604571280173355e-14,5.216458731638340396e-08,9.936684966087341309e-01,6.331362761557102203e-03,1.376400149410983431e-07
5.313520803906790491e-11,1.371096367623598724e-17,4.848487389352840182e-09,3.796299212488474240e-12,1.358845061745524835e-16,6.593503683576668051e-14,4.584936519336224592e-08,9.944108128547668457e-01,5.589092150330543518e-03,1.197599317492858972e-07
9.449551557905166987e-11,2.789105456507529860e-17,4.663449182373824442e-09,6.904225455239831888e-12,3.102619481810438154e-16,1.706211398295326420e-13,4.230430405982588127e-08,9.807773232460021973e-01,1.922209002077579498e-02,5.807372644994757138e-07
5.371150052502215999e-11,1.673058319363836455e-17,6.369140770345893543e-09,4.375357281344305349e-12,1.452215488754836489e-16,6.364206443744066521e-14,5.210951314893463859e-08,9.942394495010375977e-01,5.760491825640201569e-03,1.148550410334792105e-07
5.767247443499989856e-11,1.777040878062162416e-17,4.953254251205407854e-09,4.436776900734740181e-12,1.750960171133385973e-16,7.671277214805691247e-14,4.202411574283360096e-08,9.935846924781799316e-01,6.415131967514753342e-03,1.546502232940838439e-07
5.574667810703815007e-11,1.411359549375739857e-17,4.605209102948037980e-09,4.211671376236347797e-12,1.442368068998515205e-16,5.874507559002969947e-14,3.140133841839087836e-08,9.903343319892883301e-01,9.665457531809806824e-03,1.805871505666800658e-07
1.128847432196877776e-10,2.688731555949527738e-17,4.240010120781789738e-09,6.953867603270991182e-12,3.708806286749062684e-16,1.513732037937073893e-13,4.304548895106563577e-08,9.774348735809326172e-01,2.256454527378082275e-02,6.084230790293077007e-07
7.707526977762668707e-11,1.760059356394816290e-17,4.534501663044920861e-09,4.777857363219562004e-12,1.975216114385902242e-16,8.320770559112206088e-14,4.328100189354699978e-08,9.889068603515625000e-01,1.109295804053544998e-02,2.501437563751096604e-07
6.450005113345369523e-11,1.420060993111430176e-17,5.088093502081392216e-09,4.227796064626421213e-12,1.416355687188335642e-16,6.510484967976737369e-14,4.268244069294269138e-08,9.908604621887207031e-01,9.139383211731910706e-03,1.701217513527808478e-07
9.082151003481087059e-11,1.799870566660258448e-17,4.303131184713038238e-09,4.553872903767519631e-12,1.986970946460321803e-16,8.755054515564852924e-14,3.382751501135317085e-08,9.818155169486999512e-01,1.818426512181758881e-02,3.015973959463735810e-07
7.582089123214785786e-11,1.311855511949898499e-17,3.655401314972550608e-09,3.898309626493290381e-12,1.451272899903220063e-16,5.786155246340768388e-14,2.881229121953765571e-08,9.820220470428466797e-01,1.797768473625183105e-02,2.596803767573874211e-07
5.453019633061551019e-11,1.638369176887445155e-17,4.560494204497445025e-09,4.490176893495734234e-12,1.749366293354669795e-16,7.324656425009359872e-14,3.116211289011516783e-08,9.886366724967956543e-01,1.136314310133457184e-02,2.192426791225443594e-07
7.491109121904315771e-11,1.752161270470037471e-17,4.952024568183333031e-09,5.104817610290801611e-12,1.913393826543771030e-16,7.275356396973728379e-14,4.372399331487031304e-08,9.876928925514221191e-01,1.230689696967601776e-02,2.357083559445527499e-07
4.039438922243121510e-11,1.465357072582588950e-17,4.794761920834389457e-09,4.019607129784885657e-12,1.464139727418706910e-16,6.344213078057076016e-14,3.981160290322804940e-08,9.958513975143432617e-01,4.148484673351049423e-03,1.094373800469838898e-07
5.455233140216897425e-11,1.342845833599197680e-17,4.764146410707326140e-09,3.869466379258224009e-12,1.343558764025544884e-16,5.557167004127325227e-14,3.284600680331095646e-08,9.912456870079040527e-01,8.754137903451919556e-03,1.480306792700503138e-07
6.191763074481215767e-11,2.301748672128639609e-17,4.862868774324624610e-09,5.779385216925225777e-12,2.283271277041552588e-16,1.242906466766488527e-13,4.164197164868710388e-08,9.929245710372924805e-01,7.075204048305749893e-03,2.343159479778478271e-07
6.775251193413822648e-11,1.535521013681174417e-17,5.185515128403039853e-09,4.429295038382852212e-12,1.542208239538073612e-16,6.468704559633650653e-14,4.026356137387665513e-08,9.886245727539062500e-01,1.137526612728834152e-02,1.910508160563040292e-07
6.900365001616393101e-11,1.776361266470888848e-17,5.554564808107897989e-09,4.792402152203889543e-12,1.852692136821077655e-16,8.602334475174902573e-14,4.704238065755816933e-08,9.906769990921020508e-01,9.322796016931533813e-03,1.776738116632259334e-07
5.300799035823366978e-11,1.199215432806408784e-17,5.006692394005085589e-09,3.762449553301738803e-12,1.180565405125481946e-16,4.445174697081943904e-14,3.533881809403283114e-08,9.913641214370727539e-01,8.635764010250568390e-03,1.390367998510555481e-07
6.599813057173165021e-11,1.504633427863954321e-17,4.858379920591460177e-09,4.608446870640880988e-12,1.564840562842014491e-16,6.346968306827904804e-14,3.770664847024818300e-08,9.876261353492736816e-01,1.237361505627632141e-02,2.189379841865957133e-07
5.696620258843765328e-11,2.099800135635453391e-17,6.144056374779438556e-09,5.512932124696057201e-12,2.142082002041693434e-16,1.058881240610827501e-13,6.508000893745702342e-08,9.949914813041687012e-01,5.008257925510406494e-03,1.644174432158251875e-07
5.927835305952200429e-11,1.659743358479692880e-17,6.082704562260232706e-09,4.297394905206086690e-12,1.507236102030515669e-16,7.466410438050977150e-14,5.137613001693352999e-08,9.935357570648193359e-01,6.464178208261728287e-03,1.313910047429089900e-07
7.311592997716331865e-11,1.704145421144804342e-17,3.948505078454900286e-09,4.677944663578070816e-12,2.015703362822371739e-16,8.469684372250374516e-14,2.713072966287199961e-08,9.805937409400939941e-01,1.940590701997280121e-02,3.476222616427548928e-07
7.493478060283109699e-11,1.575748461230853259e-17,4.954403109991289966e-09,4.672359721347163486e-12,1.611063150773681661e-16,6.376602262707364854e-14,3.699336303952804883e-08,9.860905408859252930e-01,1.390931475907564163e-02,2.182399185812755604e-07
6.943055158581401543e-11,1.960278423663276638e-17,5.569083416645526086e-09,5.136386108106627546e-12,1.879774824169451832e-16,7.357062550318593797e-14,5.065577468599258282e-08,9.922779798507690430e-01,7.721849717199802399e-03,1.693691586979184649e-07
7.838655419201145946e-11,2.055096648355127605e-17,4.713334611494701676e-09,5.442220459006552602e-12,2.253753502318720306e-16,9.386244494320739040e-14,4.392617469761717075e-08,9.884461164474487305e-01,1.155361533164978027e-02,2.831677647918695584e-07
7.535259916036096683e-11,1.605660801105873335e-17,4.815263299207117598e-09,4.386983398080301910e-12,1.841784999438402437e-16,7.788066117573114178e-14,3.799907943857760984e-08,9.882844686508178711e-01,1.171527896076440811e-02,2.132056096115775290e-07
6.963374321600213079e-11,2.713253656080907264e-17,5.493242305476542242e-09,6.246283872080038435e-12,3.078241079495071340e-16,1.597862331814345338e-13,6.140280106592399534e-08,9.919678568840026855e-01,8.031737059354782104e-03,2.677062695966014871e-07
8.002135065687809856e-11,1.832699876247385521e-17,4.889140203800934614e-09,4.676691325866677573e-12,2.140218000162141939e-16,9.181655544372724354e-14,4.069633519065973815e-08,9.849905371665954590e-01,1.500910241156816483e-02,3.072660490488487994e-07
6.501920529755622624e-11,1.302778362779986594e-17,4.001445397250336100e-09,4.058000029755204352e-12,1.546976240937727272e-16,5.660660538941465758e-14,3.258587710774918378e-08,9.866625666618347168e-01,1.333730109035968781e-02,2.014916162806912325e-07
5.334275382518072206e-11,1.273269687043892395e-17,4.937130704263381631e-09,4.075273538767243409e-12,1.278248818023094090e-16,4.766272012485250897e-14,3.221041566803251044e-08,9.906376004219055176e-01,9.362312965095043182e-03,1.425317748271481832e-07
