0.25333333015441895
0.30300000309944153
0.31466665863990784
0.28600001335144043
0.40066665410995483
0.3813333213329315
0.46799999475479126
0.4336666762828827
0.45266667008399963
0.6363333463668823
0.5926666855812073
0.4970000088214874
0.5090000033378601
0.5946666598320007
0.6643333435058594
0.6570000052452087
0.6173333525657654
0.6056666374206543
0.5096666812896729
0.47600001096725464
0.5796666741371155
0.6266666650772095
0.6859999895095825
0.7056666612625122
0.6759999990463257
0.7963333129882812
0.8293333053588867
0.7546666860580444
0.7973333597183228
0.6926666498184204